[0	[134.15988296420113, 40, 16, 1.9916534678949145, 1000]	0.09943162374410126] 
[1	[134.15988296420113, 40, 16, 1.9916534678949145, 1000]	0.05654473343515153] 
[2	[134.15988296420113, 40, 16, 1.9916534678949145, 1000]	0.030882841501961147] 
[3	[134.15988296420113, 40, 16, 1.9916534678949145, 1000]	0.07211145625954983] 
[4	[134.15988296420113, 40, 16, 1.9916534678949145, 1000]	0.17031048282245445] 
[5	[134.15988296420113, 40, 16, 1.9916534678949145, 1000]	0.04279853008190586] 
[6	[134.15988296420113, 40, 16, 1.9916534678949145, 1000]	0.23562887216103057] 
[7	[134.15988296420113, 40, 16, 1.9916534678949145, 1000]	0.141151393428794] 
[8	[134.15988296420113, 40, 16, 1.9916534678949145, 1000]	0.1109443207589115] 
[9	[134.15988296420113, 40, 16, 1.9916534678949145, 1000]	0.31030613354333997] 
[10	[134.15988296420113, 40, 16, 1.9916534678949145, 1000]	0.01547798239661433] 
[11	[134.15988296420113, 40, 16, 1.9916534678949145, 1000]	0.17651191250975265] 
[12	[134.15988296420113, 40, 16, 1.9916534678949145, 1000]	0.07131873636055225] 
[13	[134.15988296420113, 40, 16, 1.9916534678949145, 1000]	0.19078575410002907] 
[14	[134.15988296420113, 40, 16, 1.9916534678949145, 1000]	0.04205230698199178] 
[15	[134.15988296420113, 40, 16, 1.9916534678949145, 1000]	0.21985661058107764] 
[16	[134.15988296420113, 40, 16, 1.9916534678949145, 1000]	0.12667228353426163] 
[17	[134.15988296420113, 40, 16, 1.9916534678949145, 1000]	0.04510536187442618] 
[18	[134.15988296420113, 40, 16, 1.9916534678949145, 1000]	0.3277510408037648] 
[19	[134.15988296420113, 40, 16, 1.9916534678949145, 1000]	0.15355871007217695] 
[20	[134.15988296420113, 40, 16, 1.9916534678949145, 1000]	0.07703359352112331] 
[21	[134.15988296420113, 40, 16, 1.9916534678949145, 1000]	0.06408075788827705] 
[22	[134.15988296420113, 40, 16, 1.9916534678949145, 1000]	0.14910707357667508] 
[23	[134.15988296420113, 40, 16, 1.9916534678949145, 1000]	0.1388944444455018] 
[24	[134.15988296420113, 40, 16, 1.9916534678949145, 1000]	0.04769433495560222] 
[25	[134.15988296420113, 40, 16, 1.9916534678949145, 1000]	0.04991286446648927] 
[26	[134.15988296420113, 40, 16, 1.9916534678949145, 1000]	0.21504194314473354] 
[27	[134.15988296420113, 40, 16, 1.9916534678949145, 1000]	0.058745672470958354] 
[28	[134.15988296420113, 40, 16, 1.9916534678949145, 1000]	0.047838027455709] 
[29	[134.15988296420113, 40, 16, 1.9916534678949145, 1000]	0.23054517242122163] 
[30	[134.15988296420113, 40, 16, 1.9916534678949145, 1000]	0.033644004980251115] 
[31	[134.15988296420113, 40, 16, 1.9916534678949145, 1000]	0.15866033363206383] 
[32	[134.15988296420113, 40, 16, 1.9916534678949145, 1000]	0.10462439708865115] 
[33	[134.15988296420113, 40, 16, 1.9916534678949145, 1000]	0.09054027558873118] 
[34	[134.15988296420113, 40, 16, 1.9916534678949145, 1000]	0.17527420909065647] 
[35	[134.15988296420113, 40, 16, 1.9916534678949145, 1000]	0.46737196346930776] 
[36	[134.15988296420113, 40, 16, 1.9916534678949145, 1000]	0.10717360113044452] 
[37	[134.15988296420113, 40, 16, 1.9916534678949145, 1000]	0.04095373023338962] 
[38	[134.15988296420113, 40, 16, 1.9916534678949145, 1000]	0.27018328304030637] 
[39	[134.15988296420113, 40, 16, 1.9916534678949145, 1000]	0.0320355098319892] 
[40	[134.15988296420113, 40, 16, 1.9916534678949145, 1000]	0.12959366555939197] 
[41	[134.15988296420113, 40, 16, 1.9916534678949145, 1000]	0.04440456560022006] 
[42	[134.15988296420113, 40, 16, 1.9916534678949145, 1000]	0.09468812723056397] 
[43	[134.15988296420113, 40, 16, 1.9916534678949145, 1000]	0.14869987253326572] 
[44	[134.15988296420113, 40, 16, 1.9916534678949145, 1000]	0.34313602906258356] 
[45	[134.15988296420113, 40, 16, 1.9916534678949145, 1000]	0.07189031557439005] 
[46	[134.15988296420113, 40, 16, 1.9916534678949145, 1000]	0.19175699526648857] 
[47	[134.15988296420113, 40, 16, 1.9916534678949145, 1000]	0.11689418511574075] 
[48	[134.15988296420113, 40, 16, 1.9916534678949145, 1000]	0.05997853925475637] 
[49	[134.15988296420113, 40, 16, 1.9916534678949145, 1000]	0.04394163959054522] 
[50	[134.15988296420113, 40, 16, 1.9916534678949145, 1000]	0.13749273391960154] 
[51	[134.15988296420113, 40, 16, 1.9916534678949145, 1000]	0.05028351566535233] 
[52	[134.15988296420113, 40, 16, 1.9916534678949145, 1000]	0.023050383147509207] 
[53	[134.15988296420113, 40, 16, 1.9916534678949145, 1000]	0.02379382534332325] 
[54	[134.15988296420113, 40, 16, 1.9916534678949145, 1000]	0.04804321330415549] 
[55	[134.15988296420113, 40, 16, 1.9916534678949145, 1000]	0.09384919306459838] 
[56	[134.15988296420113, 40, 16, 1.9916534678949145, 1000]	0.04666908680559031] 
[57	[134.15988296420113, 40, 16, 1.9916534678949145, 1000]	0.2761702335674536] 
[58	[134.15988296420113, 40, 16, 1.9916534678949145, 1000]	0.13344871558949667] 
[59	[134.15988296420113, 40, 16, 1.9916534678949145, 1000]	0.07609274006584205] 
[60	[134.15988296420113, 40, 16, 1.9916534678949145, 1000]	0.11402275620298608] 
[61	[134.15988296420113, 40, 16, 1.9916534678949145, 1000]	0.2287888849520994] 
[62	[134.15988296420113, 40, 16, 1.9916534678949145, 1000]	0.04984773580647871] 
[63	[134.15988296420113, 40, 16, 1.9916534678949145, 1000]	0.5254550039920476] 
[64	[134.15988296420113, 40, 16, 1.9916534678949145, 1000]	0.07446495683967362] 
[65	[134.15988296420113, 40, 16, 1.9916534678949145, 1000]	0.054877099815685226] 
[66	[134.15988296420113, 40, 16, 1.9916534678949145, 1000]	0.025858688877479778] 
[67	[134.15988296420113, 40, 16, 1.9916534678949145, 1000]	0.04497084182461683] 
[68	[134.15988296420113, 40, 16, 1.9916534678949145, 1000]	0.06265778024298542] 
[69	[134.15988296420113, 40, 16, 1.9916534678949145, 1000]	0.05127428357761615] 
[70	[134.15988296420113, 40, 16, 1.9916534678949145, 1000]	0.10644614380579724] 
[71	[134.15988296420113, 40, 16, 1.9916534678949145, 1000]	0.10928982059386409] 
[72	[134.15988296420113, 40, 16, 1.9916534678949145, 1000]	0.058482509744423705] 
[73	[134.15988296420113, 40, 16, 1.9916534678949145, 1000]	0.05719421857027001] 
[74	[134.15988296420113, 40, 16, 1.9916534678949145, 1000]	0.0501182356020417] 
[75	[134.15988296420113, 40, 16, 1.9916534678949145, 1000]	0.09194101561108267] 
[76	[134.15988296420113, 40, 16, 1.9916534678949145, 1000]	0.7229540881587013] 
[77	[134.15988296420113, 40, 16, 1.9916534678949145, 1000]	0.4706799955457882] 
[78	[134.15988296420113, 40, 16, 1.9916534678949145, 1000]	0.07227238057313495] 
[79	[134.15988296420113, 40, 16, 1.9916534678949145, 1000]	0.19403888916482717] 
[80	[134.15988296420113, 40, 16, 1.9916534678949145, 1000]	0.07809065639236075] 
[81	[134.15988296420113, 40, 16, 1.9916534678949145, 1000]	0.5140490186759219] 
[82	[134.15988296420113, 40, 16, 1.9916534678949145, 1000]	0.29502512653042834] 
[83	[134.15988296420113, 40, 16, 1.9916534678949145, 1000]	0.10608933157329611] 
[84	[134.15988296420113, 40, 16, 1.9916534678949145, 1000]	0.27882413001375644] 
[85	[134.15988296420113, 40, 16, 1.9916534678949145, 1000]	0.07340743048638415] 
[86	[134.15988296420113, 40, 16, 1.9916534678949145, 1000]	0.20662305008085174] 
[87	[134.15988296420113, 40, 16, 1.9916534678949145, 1000]	0.057544654034946685] 
[88	[134.15988296420113, 40, 16, 1.9916534678949145, 1000]	0.09339974766844895] 
[89	[134.15988296420113, 40, 16, 1.9916534678949145, 1000]	0.14838505170722655] 
[90	[134.15988296420113, 40, 16, 1.9916534678949145, 1000]	0.030621131518890357] 
[91	[134.15988296420113, 40, 16, 1.9916534678949145, 1000]	0.32805962677432376] 
[92	[134.15988296420113, 40, 16, 1.9916534678949145, 1000]	0.31517094554881786] 
[93	[134.15988296420113, 40, 16, 1.9916534678949145, 1000]	0.016889886825554222] 
[94	[134.15988296420113, 40, 16, 1.9916534678949145, 1000]	0.08441612964772802] 
[95	[134.15988296420113, 40, 16, 1.9916534678949145, 1000]	0.04501703735173924] 
[96	[134.15988296420113, 40, 16, 1.9916534678949145, 1000]	0.3375140884035954] 
[97	[134.15988296420113, 40, 16, 1.9916534678949145, 1000]	0.21095474324042918] 
[98	[134.15988296420113, 40, 16, 1.9916534678949145, 1000]	0.12365641083813857] 
[99	[134.15988296420113, 40, 16, 1.9916534678949145, 1000]	0.09998509895582534] 
[AVERAGE	[134.15988296420113, 40, 16, 1.9916534678949145, 1000]	0.13961792480415064] 
