[0	[5, 13, 1.3007402405183437, 100, 14, 4, 0.6827029110776486, 81]	7.759882029327915] 
[1	[5, 13, 1.3007402405183437, 100, 14, 4, 0.6827029110776486, 81]	7.666367052249345] 
[2	[5, 13, 1.3007402405183437, 100, 14, 4, 0.6827029110776486, 81]	7.926028360663188] 
[3	[5, 13, 1.3007402405183437, 100, 14, 4, 0.6827029110776486, 81]	9.164535501344908] 
[4	[5, 13, 1.3007402405183437, 100, 14, 4, 0.6827029110776486, 81]	9.109741377670042] 
[5	[5, 13, 1.3007402405183437, 100, 14, 4, 0.6827029110776486, 81]	9.334080336696157] 
[6	[5, 13, 1.3007402405183437, 100, 14, 4, 0.6827029110776486, 81]	9.159561273235541] 
[7	[5, 13, 1.3007402405183437, 100, 14, 4, 0.6827029110776486, 81]	7.801815983877008] 
[8	[5, 13, 1.3007402405183437, 100, 14, 4, 0.6827029110776486, 81]	7.8363821149438495] 
[9	[5, 13, 1.3007402405183437, 100, 14, 4, 0.6827029110776486, 81]	7.961754783660244] 
[10	[5, 13, 1.3007402405183437, 100, 14, 4, 0.6827029110776486, 81]	8.482380557649499] 
[11	[5, 13, 1.3007402405183437, 100, 14, 4, 0.6827029110776486, 81]	9.605713072616574] 
[12	[5, 13, 1.3007402405183437, 100, 14, 4, 0.6827029110776486, 81]	9.541919495647264] 
[13	[5, 13, 1.3007402405183437, 100, 14, 4, 0.6827029110776486, 81]	6.763980430560387] 
[14	[5, 13, 1.3007402405183437, 100, 14, 4, 0.6827029110776486, 81]	8.166025908372596] 
[15	[5, 13, 1.3007402405183437, 100, 14, 4, 0.6827029110776486, 81]	8.71238915205996] 
[16	[5, 13, 1.3007402405183437, 100, 14, 4, 0.6827029110776486, 81]	9.171337472759634] 
[17	[5, 13, 1.3007402405183437, 100, 14, 4, 0.6827029110776486, 81]	8.63985752069313] 
[18	[5, 13, 1.3007402405183437, 100, 14, 4, 0.6827029110776486, 81]	6.091455779963118] 
[19	[5, 13, 1.3007402405183437, 100, 14, 4, 0.6827029110776486, 81]	8.601827232910125] 
[20	[5, 13, 1.3007402405183437, 100, 14, 4, 0.6827029110776486, 81]	8.59410223275438] 
[21	[5, 13, 1.3007402405183437, 100, 14, 4, 0.6827029110776486, 81]	8.016702127980121] 
[22	[5, 13, 1.3007402405183437, 100, 14, 4, 0.6827029110776486, 81]	7.434472346965761] 
[23	[5, 13, 1.3007402405183437, 100, 14, 4, 0.6827029110776486, 81]	8.67468884721783] 
[24	[5, 13, 1.3007402405183437, 100, 14, 4, 0.6827029110776486, 81]	7.050792210339586] 
[25	[5, 13, 1.3007402405183437, 100, 14, 4, 0.6827029110776486, 81]	9.2096670093156] 
[26	[5, 13, 1.3007402405183437, 100, 14, 4, 0.6827029110776486, 81]	9.457043477072107] 
[27	[5, 13, 1.3007402405183437, 100, 14, 4, 0.6827029110776486, 81]	7.272547410435344] 
[28	[5, 13, 1.3007402405183437, 100, 14, 4, 0.6827029110776486, 81]	9.209682823361213] 
[29	[5, 13, 1.3007402405183437, 100, 14, 4, 0.6827029110776486, 81]	7.424200964218992] 
[30	[5, 13, 1.3007402405183437, 100, 14, 4, 0.6827029110776486, 81]	5.708828563672945] 
[31	[5, 13, 1.3007402405183437, 100, 14, 4, 0.6827029110776486, 81]	7.122181715066896] 
[32	[5, 13, 1.3007402405183437, 100, 14, 4, 0.6827029110776486, 81]	7.2479668097718255] 
[33	[5, 13, 1.3007402405183437, 100, 14, 4, 0.6827029110776486, 81]	7.4249960056755935] 
[34	[5, 13, 1.3007402405183437, 100, 14, 4, 0.6827029110776486, 81]	8.094199923527473] 
[35	[5, 13, 1.3007402405183437, 100, 14, 4, 0.6827029110776486, 81]	9.483584912485203] 
[36	[5, 13, 1.3007402405183437, 100, 14, 4, 0.6827029110776486, 81]	9.285696134008955] 
[37	[5, 13, 1.3007402405183437, 100, 14, 4, 0.6827029110776486, 81]	4.78359448710736] 
[38	[5, 13, 1.3007402405183437, 100, 14, 4, 0.6827029110776486, 81]	9.685429688368488] 
[39	[5, 13, 1.3007402405183437, 100, 14, 4, 0.6827029110776486, 81]	9.112787183423547] 
[40	[5, 13, 1.3007402405183437, 100, 14, 4, 0.6827029110776486, 81]	8.88202016747085] 
[41	[5, 13, 1.3007402405183437, 100, 14, 4, 0.6827029110776486, 81]	7.461356795708198] 
[42	[5, 13, 1.3007402405183437, 100, 14, 4, 0.6827029110776486, 81]	9.794506362110791] 
[43	[5, 13, 1.3007402405183437, 100, 14, 4, 0.6827029110776486, 81]	8.086888395650352] 
[44	[5, 13, 1.3007402405183437, 100, 14, 4, 0.6827029110776486, 81]	9.755753051905495] 
[45	[5, 13, 1.3007402405183437, 100, 14, 4, 0.6827029110776486, 81]	8.877414251578426] 
[46	[5, 13, 1.3007402405183437, 100, 14, 4, 0.6827029110776486, 81]	8.749011541716875] 
[47	[5, 13, 1.3007402405183437, 100, 14, 4, 0.6827029110776486, 81]	7.292432144424769] 
[48	[5, 13, 1.3007402405183437, 100, 14, 4, 0.6827029110776486, 81]	6.905560659754206] 
[49	[5, 13, 1.3007402405183437, 100, 14, 4, 0.6827029110776486, 81]	9.582812511568484] 
[50	[5, 13, 1.3007402405183437, 100, 14, 4, 0.6827029110776486, 81]	5.522821902197292] 
[51	[5, 13, 1.3007402405183437, 100, 14, 4, 0.6827029110776486, 81]	7.64739562790247] 
[52	[5, 13, 1.3007402405183437, 100, 14, 4, 0.6827029110776486, 81]	7.884849893939384] 
[53	[5, 13, 1.3007402405183437, 100, 14, 4, 0.6827029110776486, 81]	7.892020610697732] 
[54	[5, 13, 1.3007402405183437, 100, 14, 4, 0.6827029110776486, 81]	8.578633396405468] 
[55	[5, 13, 1.3007402405183437, 100, 14, 4, 0.6827029110776486, 81]	9.46694369933062] 
[56	[5, 13, 1.3007402405183437, 100, 14, 4, 0.6827029110776486, 81]	8.67928921691848] 
[57	[5, 13, 1.3007402405183437, 100, 14, 4, 0.6827029110776486, 81]	7.015436101338612] 
[58	[5, 13, 1.3007402405183437, 100, 14, 4, 0.6827029110776486, 81]	7.6994032660855725] 
[59	[5, 13, 1.3007402405183437, 100, 14, 4, 0.6827029110776486, 81]	8.901239027919399] 
[60	[5, 13, 1.3007402405183437, 100, 14, 4, 0.6827029110776486, 81]	9.651169044146021] 
[61	[5, 13, 1.3007402405183437, 100, 14, 4, 0.6827029110776486, 81]	9.36969089527144] 
[62	[5, 13, 1.3007402405183437, 100, 14, 4, 0.6827029110776486, 81]	9.692883358098403] 
[63	[5, 13, 1.3007402405183437, 100, 14, 4, 0.6827029110776486, 81]	9.146581519790956] 
[64	[5, 13, 1.3007402405183437, 100, 14, 4, 0.6827029110776486, 81]	6.244444937243135] 
[65	[5, 13, 1.3007402405183437, 100, 14, 4, 0.6827029110776486, 81]	6.367476841974625] 
[66	[5, 13, 1.3007402405183437, 100, 14, 4, 0.6827029110776486, 81]	9.273801947467037] 
[67	[5, 13, 1.3007402405183437, 100, 14, 4, 0.6827029110776486, 81]	8.781928771690389] 
[68	[5, 13, 1.3007402405183437, 100, 14, 4, 0.6827029110776486, 81]	7.636049941364385] 
[69	[5, 13, 1.3007402405183437, 100, 14, 4, 0.6827029110776486, 81]	9.680909551361736] 
[70	[5, 13, 1.3007402405183437, 100, 14, 4, 0.6827029110776486, 81]	6.450909252787815] 
[71	[5, 13, 1.3007402405183437, 100, 14, 4, 0.6827029110776486, 81]	9.00794878798374] 
[72	[5, 13, 1.3007402405183437, 100, 14, 4, 0.6827029110776486, 81]	8.279069835156097] 
[73	[5, 13, 1.3007402405183437, 100, 14, 4, 0.6827029110776486, 81]	9.732350698302527] 
[74	[5, 13, 1.3007402405183437, 100, 14, 4, 0.6827029110776486, 81]	9.39997267536425] 
[75	[5, 13, 1.3007402405183437, 100, 14, 4, 0.6827029110776486, 81]	9.483748673036068] 
[76	[5, 13, 1.3007402405183437, 100, 14, 4, 0.6827029110776486, 81]	9.703629230744923] 
[77	[5, 13, 1.3007402405183437, 100, 14, 4, 0.6827029110776486, 81]	8.329322069628049] 
[78	[5, 13, 1.3007402405183437, 100, 14, 4, 0.6827029110776486, 81]	9.673929529149927] 
[79	[5, 13, 1.3007402405183437, 100, 14, 4, 0.6827029110776486, 81]	7.49931026092283] 
[80	[5, 13, 1.3007402405183437, 100, 14, 4, 0.6827029110776486, 81]	7.007365212009717] 
[81	[5, 13, 1.3007402405183437, 100, 14, 4, 0.6827029110776486, 81]	7.22722599719105] 
[82	[5, 13, 1.3007402405183437, 100, 14, 4, 0.6827029110776486, 81]	5.383718182881143] 
[83	[5, 13, 1.3007402405183437, 100, 14, 4, 0.6827029110776486, 81]	5.654033387549969] 
[84	[5, 13, 1.3007402405183437, 100, 14, 4, 0.6827029110776486, 81]	8.052160192284212] 
[85	[5, 13, 1.3007402405183437, 100, 14, 4, 0.6827029110776486, 81]	9.739274749321844] 
[86	[5, 13, 1.3007402405183437, 100, 14, 4, 0.6827029110776486, 81]	9.790653465637924] 
[87	[5, 13, 1.3007402405183437, 100, 14, 4, 0.6827029110776486, 81]	8.939271257477085] 
[88	[5, 13, 1.3007402405183437, 100, 14, 4, 0.6827029110776486, 81]	8.280167251624778] 
[89	[5, 13, 1.3007402405183437, 100, 14, 4, 0.6827029110776486, 81]	9.455444922373106] 
[90	[5, 13, 1.3007402405183437, 100, 14, 4, 0.6827029110776486, 81]	8.967529946378075] 
[91	[5, 13, 1.3007402405183437, 100, 14, 4, 0.6827029110776486, 81]	9.199840979153711] 
[92	[5, 13, 1.3007402405183437, 100, 14, 4, 0.6827029110776486, 81]	9.735302716559355] 
[93	[5, 13, 1.3007402405183437, 100, 14, 4, 0.6827029110776486, 81]	9.346150908922496] 
[94	[5, 13, 1.3007402405183437, 100, 14, 4, 0.6827029110776486, 81]	7.940900742288647] 
[95	[5, 13, 1.3007402405183437, 100, 14, 4, 0.6827029110776486, 81]	5.430149564633647] 
[96	[5, 13, 1.3007402405183437, 100, 14, 4, 0.6827029110776486, 81]	8.026713260074981] 
[97	[5, 13, 1.3007402405183437, 100, 14, 4, 0.6827029110776486, 81]	8.369951451305388] 
[98	[5, 13, 1.3007402405183437, 100, 14, 4, 0.6827029110776486, 81]	7.871774235987642] 
[99	[5, 13, 1.3007402405183437, 100, 14, 4, 0.6827029110776486, 81]	6.912728095755558] 
[AVERAGE	[5, 13, 1.3007402405183437, 100, 14, 4, 0.6827029110776486, 81]	8.272014732751876] 
