[0	[7, 12, 2.428707645820977, 84, 3, 34, 1.5970221141603733, 51]	8.45920054921574] 
[1	[7, 12, 2.428707645820977, 84, 3, 34, 1.5970221141603733, 51]	9.38866355957474] 
[2	[7, 12, 2.428707645820977, 84, 3, 34, 1.5970221141603733, 51]	9.105059772038143] 
[3	[7, 12, 2.428707645820977, 84, 3, 34, 1.5970221141603733, 51]	8.777072293856849] 
[4	[7, 12, 2.428707645820977, 84, 3, 34, 1.5970221141603733, 51]	8.059779127618448] 
[5	[7, 12, 2.428707645820977, 84, 3, 34, 1.5970221141603733, 51]	9.649904900436646] 
[6	[7, 12, 2.428707645820977, 84, 3, 34, 1.5970221141603733, 51]	9.647413080680089] 
[7	[7, 12, 2.428707645820977, 84, 3, 34, 1.5970221141603733, 51]	9.099883758562793] 
[8	[7, 12, 2.428707645820977, 84, 3, 34, 1.5970221141603733, 51]	9.721775775080378] 
[9	[7, 12, 2.428707645820977, 84, 3, 34, 1.5970221141603733, 51]	9.760761262696057] 
[10	[7, 12, 2.428707645820977, 84, 3, 34, 1.5970221141603733, 51]	9.70058132918864] 
[11	[7, 12, 2.428707645820977, 84, 3, 34, 1.5970221141603733, 51]	9.288951276879086] 
[12	[7, 12, 2.428707645820977, 84, 3, 34, 1.5970221141603733, 51]	8.989474257960017] 
[13	[7, 12, 2.428707645820977, 84, 3, 34, 1.5970221141603733, 51]	9.645140980109934] 
[14	[7, 12, 2.428707645820977, 84, 3, 34, 1.5970221141603733, 51]	9.692209489886904] 
[15	[7, 12, 2.428707645820977, 84, 3, 34, 1.5970221141603733, 51]	9.674300185324379] 
[16	[7, 12, 2.428707645820977, 84, 3, 34, 1.5970221141603733, 51]	8.509493960513256] 
[17	[7, 12, 2.428707645820977, 84, 3, 34, 1.5970221141603733, 51]	8.381628525590498] 
[18	[7, 12, 2.428707645820977, 84, 3, 34, 1.5970221141603733, 51]	9.352476793730348] 
[19	[7, 12, 2.428707645820977, 84, 3, 34, 1.5970221141603733, 51]	9.398385067151864] 
[20	[7, 12, 2.428707645820977, 84, 3, 34, 1.5970221141603733, 51]	9.638323575687078] 
[21	[7, 12, 2.428707645820977, 84, 3, 34, 1.5970221141603733, 51]	9.65784653490877] 
[22	[7, 12, 2.428707645820977, 84, 3, 34, 1.5970221141603733, 51]	8.728474812229154] 
[23	[7, 12, 2.428707645820977, 84, 3, 34, 1.5970221141603733, 51]	8.449471815896436] 
[24	[7, 12, 2.428707645820977, 84, 3, 34, 1.5970221141603733, 51]	9.710361530847456] 
[25	[7, 12, 2.428707645820977, 84, 3, 34, 1.5970221141603733, 51]	9.663617528735797] 
[26	[7, 12, 2.428707645820977, 84, 3, 34, 1.5970221141603733, 51]	9.421261142011208] 
[27	[7, 12, 2.428707645820977, 84, 3, 34, 1.5970221141603733, 51]	9.513254330955634] 
[28	[7, 12, 2.428707645820977, 84, 3, 34, 1.5970221141603733, 51]	9.4996921675787] 
[29	[7, 12, 2.428707645820977, 84, 3, 34, 1.5970221141603733, 51]	9.422066556960102] 
[30	[7, 12, 2.428707645820977, 84, 3, 34, 1.5970221141603733, 51]	8.395810509553435] 
[31	[7, 12, 2.428707645820977, 84, 3, 34, 1.5970221141603733, 51]	8.046046853184905] 
[32	[7, 12, 2.428707645820977, 84, 3, 34, 1.5970221141603733, 51]	9.754136409816562] 
[33	[7, 12, 2.428707645820977, 84, 3, 34, 1.5970221141603733, 51]	9.55249655334492] 
[34	[7, 12, 2.428707645820977, 84, 3, 34, 1.5970221141603733, 51]	9.444598090699435] 
[35	[7, 12, 2.428707645820977, 84, 3, 34, 1.5970221141603733, 51]	9.32695777514672] 
[36	[7, 12, 2.428707645820977, 84, 3, 34, 1.5970221141603733, 51]	9.290746882105804] 
[37	[7, 12, 2.428707645820977, 84, 3, 34, 1.5970221141603733, 51]	9.691335324304346] 
[38	[7, 12, 2.428707645820977, 84, 3, 34, 1.5970221141603733, 51]	8.59105058770547] 
[39	[7, 12, 2.428707645820977, 84, 3, 34, 1.5970221141603733, 51]	8.82999608563404] 
[40	[7, 12, 2.428707645820977, 84, 3, 34, 1.5970221141603733, 51]	9.665880273101399] 
[41	[7, 12, 2.428707645820977, 84, 3, 34, 1.5970221141603733, 51]	9.66764865493927] 
[42	[7, 12, 2.428707645820977, 84, 3, 34, 1.5970221141603733, 51]	9.357740324581146] 
[43	[7, 12, 2.428707645820977, 84, 3, 34, 1.5970221141603733, 51]	9.601060125793449] 
[44	[7, 12, 2.428707645820977, 84, 3, 34, 1.5970221141603733, 51]	9.690994200464269] 
[45	[7, 12, 2.428707645820977, 84, 3, 34, 1.5970221141603733, 51]	9.188405919698283] 
[46	[7, 12, 2.428707645820977, 84, 3, 34, 1.5970221141603733, 51]	9.050203932372064] 
[47	[7, 12, 2.428707645820977, 84, 3, 34, 1.5970221141603733, 51]	9.720094141965376] 
[48	[7, 12, 2.428707645820977, 84, 3, 34, 1.5970221141603733, 51]	9.286498425943163] 
[49	[7, 12, 2.428707645820977, 84, 3, 34, 1.5970221141603733, 51]	9.588413890762567] 
[50	[7, 12, 2.428707645820977, 84, 3, 34, 1.5970221141603733, 51]	9.346581446186303] 
[51	[7, 12, 2.428707645820977, 84, 3, 34, 1.5970221141603733, 51]	9.680394289169564] 
[52	[7, 12, 2.428707645820977, 84, 3, 34, 1.5970221141603733, 51]	9.74577570352147] 
[53	[7, 12, 2.428707645820977, 84, 3, 34, 1.5970221141603733, 51]	9.60289554523994] 
[54	[7, 12, 2.428707645820977, 84, 3, 34, 1.5970221141603733, 51]	9.599168065453647] 
[55	[7, 12, 2.428707645820977, 84, 3, 34, 1.5970221141603733, 51]	9.633752932011198] 
[56	[7, 12, 2.428707645820977, 84, 3, 34, 1.5970221141603733, 51]	9.754627557241813] 
[57	[7, 12, 2.428707645820977, 84, 3, 34, 1.5970221141603733, 51]	9.602516677229172] 
[58	[7, 12, 2.428707645820977, 84, 3, 34, 1.5970221141603733, 51]	9.727247874478458] 
[59	[7, 12, 2.428707645820977, 84, 3, 34, 1.5970221141603733, 51]	9.756814147949678] 
[60	[7, 12, 2.428707645820977, 84, 3, 34, 1.5970221141603733, 51]	9.786510009911769] 
[61	[7, 12, 2.428707645820977, 84, 3, 34, 1.5970221141603733, 51]	9.634274603480124] 
[62	[7, 12, 2.428707645820977, 84, 3, 34, 1.5970221141603733, 51]	9.790729985913137] 
[63	[7, 12, 2.428707645820977, 84, 3, 34, 1.5970221141603733, 51]	9.001478200522897] 
[64	[7, 12, 2.428707645820977, 84, 3, 34, 1.5970221141603733, 51]	9.535391922532408] 
[65	[7, 12, 2.428707645820977, 84, 3, 34, 1.5970221141603733, 51]	9.099138386309772] 
[66	[7, 12, 2.428707645820977, 84, 3, 34, 1.5970221141603733, 51]	8.854628047949152] 
[67	[7, 12, 2.428707645820977, 84, 3, 34, 1.5970221141603733, 51]	9.558388661054046] 
[68	[7, 12, 2.428707645820977, 84, 3, 34, 1.5970221141603733, 51]	7.730063458192102] 
[69	[7, 12, 2.428707645820977, 84, 3, 34, 1.5970221141603733, 51]	9.66170196951748] 
[70	[7, 12, 2.428707645820977, 84, 3, 34, 1.5970221141603733, 51]	7.254770875523291] 
[71	[7, 12, 2.428707645820977, 84, 3, 34, 1.5970221141603733, 51]	9.000464148799352] 
[72	[7, 12, 2.428707645820977, 84, 3, 34, 1.5970221141603733, 51]	7.653691667046889] 
[73	[7, 12, 2.428707645820977, 84, 3, 34, 1.5970221141603733, 51]	9.71948044202471] 
[74	[7, 12, 2.428707645820977, 84, 3, 34, 1.5970221141603733, 51]	9.731223501602688] 
[75	[7, 12, 2.428707645820977, 84, 3, 34, 1.5970221141603733, 51]	9.28721986142934] 
[76	[7, 12, 2.428707645820977, 84, 3, 34, 1.5970221141603733, 51]	9.70262685050226] 
[77	[7, 12, 2.428707645820977, 84, 3, 34, 1.5970221141603733, 51]	9.49082475397004] 
[78	[7, 12, 2.428707645820977, 84, 3, 34, 1.5970221141603733, 51]	9.489890900591028] 
[79	[7, 12, 2.428707645820977, 84, 3, 34, 1.5970221141603733, 51]	9.611989320347647] 
[80	[7, 12, 2.428707645820977, 84, 3, 34, 1.5970221141603733, 51]	9.668648251564406] 
[81	[7, 12, 2.428707645820977, 84, 3, 34, 1.5970221141603733, 51]	9.594203528888658] 
[82	[7, 12, 2.428707645820977, 84, 3, 34, 1.5970221141603733, 51]	9.55788113735604] 
[83	[7, 12, 2.428707645820977, 84, 3, 34, 1.5970221141603733, 51]	9.700332770907744] 
[84	[7, 12, 2.428707645820977, 84, 3, 34, 1.5970221141603733, 51]	9.716542289509668] 
[85	[7, 12, 2.428707645820977, 84, 3, 34, 1.5970221141603733, 51]	9.313392328522154] 
[86	[7, 12, 2.428707645820977, 84, 3, 34, 1.5970221141603733, 51]	9.734093055873808] 
[87	[7, 12, 2.428707645820977, 84, 3, 34, 1.5970221141603733, 51]	8.209221312456824] 
[88	[7, 12, 2.428707645820977, 84, 3, 34, 1.5970221141603733, 51]	7.646125117430874] 
[89	[7, 12, 2.428707645820977, 84, 3, 34, 1.5970221141603733, 51]	9.807919106586203] 
[90	[7, 12, 2.428707645820977, 84, 3, 34, 1.5970221141603733, 51]	8.766958373950986] 
[91	[7, 12, 2.428707645820977, 84, 3, 34, 1.5970221141603733, 51]	9.087248631756857] 
[92	[7, 12, 2.428707645820977, 84, 3, 34, 1.5970221141603733, 51]	9.469977744616578] 
[93	[7, 12, 2.428707645820977, 84, 3, 34, 1.5970221141603733, 51]	9.168676002973493] 
[94	[7, 12, 2.428707645820977, 84, 3, 34, 1.5970221141603733, 51]	9.609465047473474] 
[95	[7, 12, 2.428707645820977, 84, 3, 34, 1.5970221141603733, 51]	9.590680464704278] 
[96	[7, 12, 2.428707645820977, 84, 3, 34, 1.5970221141603733, 51]	9.021872619325155] 
[97	[7, 12, 2.428707645820977, 84, 3, 34, 1.5970221141603733, 51]	9.378011462370997] 
[98	[7, 12, 2.428707645820977, 84, 3, 34, 1.5970221141603733, 51]	9.584545249792622] 
[99	[7, 12, 2.428707645820977, 84, 3, 34, 1.5970221141603733, 51]	9.473885707253544] 
[AVERAGE	[7, 12, 2.428707645820977, 84, 3, 34, 1.5970221141603733, 51]	9.298905829120375] 
