[		9.970428747540703] 
[		9.972873343936095] 
[		9.976350648922685] 
[		9.982706655875544] 
[		9.982421737854638] 
[		9.988624403059879] 
[		9.983394837898112] 
[		9.980804709968078] 
[		9.986751237285485] 
[		9.984913163282716] 
[		9.980070015073396] 
[		9.972715131435859] 
[		9.98068699609301] 
[		9.98648108947492] 
[		9.983715930748403] 
[		9.980480291150013] 
[		9.975735614752146] 
[		9.986701817237371] 
[		9.984065246363862] 
[		9.989993389772739] 
[		9.974932268182137] 
[		9.98537107318595] 
[		9.972710353260549] 
[		9.985533801165712] 
[		9.984734610472868] 
[		9.984070988140473] 
[		9.988853940073879] 
[		9.97080072300815] 
[		9.983656876540566] 
[		9.99095555537963] 
[		9.978655934847318] 
[		9.98750707494337] 
[		9.981371125790211] 
[		9.981185516536513] 
[		9.982939004931836] 
[		9.980960977375178] 
[		9.981598204271911] 
[		9.980937970121909] 
[		9.980827882410447] 
[		9.973007998137291] 
[		9.971448471846553] 
[		9.98594294822683] 
[		9.973004642305183] 
[		9.96668632111276] 
[		9.98643194223456] 
[		9.983726632480364] 
[		9.990970417865189] 
[		9.986465522701254] 
[		9.981241139083853] 
[		9.9806648398415] 
[		9.986394617062759] 
[		9.983255908878322] 
[		9.97217926441215] 
[		9.979861780456211] 
[		9.981816109262798] 
[		9.978755326950171] 
[		9.981672285647127] 
[		9.976498412044135] 
[		9.983911359837231] 
[		9.978797972742385] 
[		9.975119270652392] 
[		9.984091252624893] 
[		9.985386562428967] 
[		9.980472148311343] 
[		9.982237095014437] 
[		9.986352866969446] 
[		9.965058850525262] 
[		9.978747556505054] 
[		9.97096016697746] 
[		9.981710919215615] 
[		9.98884247815357] 
[		9.982821838844503] 
[		9.982427787144948] 
[		9.984197300989173] 
[		9.977516697799725] 
[		9.978115732075437] 
[		9.982330943302136] 
[		9.979625342031863] 
[		9.973689916993658] 
[		9.98284171325685] 
[		9.987121311836972] 
[		9.984871005253101] 
[		9.9799964864009] 
[		9.981091547619902] 
[		9.987358496112275] 
[		9.986524461417783] 
[		9.974518376654803] 
[		9.975923254785217] 
[		9.977708415445404] 
[		9.954757365715553] 
[		9.98078868011249] 
[		9.983972273602733] 
[		9.974323468217722] 
[		9.99362411279611] 
[		9.990333478863334] 
[		9.98427492960264] 
[		9.979708693879955] 
[		9.986285083685724] 
[		9.974468288528218] 
[		9.991390693880433] 
[TOTAL	[123, 44, 29, 0.06941195875934386]	9.981018396657209] 
