
[--:	[24, 1000]	1.79071700631904]
[--:	[24, 1000]	3.021202623288441]
[--:	[24, 1000]	2.3668442437766934]
[--:	[24, 1000]	1.600420163536735]
[--:	[24, 1000]	2.301828541234667]
[--:	[24, 1000]	1.2442308495678924]
[--:	[24, 1000]	2.2486108925400936]
[--:	[24, 1000]	1.428230991330254]
[--:	[24, 1000]	1.7151911651160137]
[--:	[24, 1000]	2.346760663355001]
[--:	[24, 1000]	2.471888949892892]
[--:	[24, 1000]	1.948987782458068]
[--:	[24, 1000]	1.23495233504864]
[--:	[24, 1000]	2.9047481161968696]
[--:	[24, 1000]	3.5232436298376513]
[--:	[24, 1000]	2.7858650174952415]
[--:	[24, 1000]	0.03365045862502583]
[--:	[24, 1000]	2.9427492453667297]
[--:	[24, 1000]	1.7466111381495109]
[--:	[24, 1000]	1.5327132671279973]
[--:	[24, 1000]	3.0693102603887636]
[--:	[24, 1000]	2.485382732699868]
[--:	[24, 1000]	3.6220140701589254]
[--:	[24, 1000]	2.7428648914262785]
[--:	[24, 1000]	2.78907004348915]
[--:	[24, 1000]	2.2186339604281433]
[--:	[24, 1000]	2.8167881006440605]
[--:	[24, 1000]	2.6236795664671018]
[--:	[24, 1000]	2.664111575357298]
[--:	[24, 1000]	2.5814582430757698]
[--:	[24, 1000]	1.9958510561099563]
[--:	[24, 1000]	1.5425848925608272]
[--:	[24, 1000]	2.45953686593476]
[--:	[24, 1000]	2.183077919455874]
[--:	[24, 1000]	2.3438542345453617]
[--:	[24, 1000]	3.2183607014548876]
[--:	[24, 1000]	3.3792288969675344]
[--:	[24, 1000]	1.4922919403851123]
[--:	[24, 1000]	2.0185329076182708]
[--:	[24, 1000]	1.2271834689255368]
[--:	[24, 1000]	1.3923304966767405]
[--:	[24, 1000]	1.255970142607099]
[--:	[24, 1000]	2.233923012345848]
[--:	[24, 1000]	2.464852571583464]
[--:	[24, 1000]	2.421583385263662]
[--:	[24, 1000]	2.602065685783679]
[--:	[24, 1000]	3.048057246417767]
[--:	[24, 1000]	1.7846754807882736]
[--:	[24, 1000]	1.6472420487989259]
[TOTAL:  	[24, 1000]	2.2244663417477192]
