[--:	[14, 500]	9.830586641039153]
[--:	[14, 500]	9.429317420434128]
[--:	[14, 500]	6.815819043256721]
[--:	[14, 500]	8.936041136873323]
[--:	[14, 500]	9.123469392034918]
[--:	[14, 500]	9.14177828204629]
[--:	[14, 500]	8.835668135891064]
[--:	[14, 500]	9.12386525594382]
[--:	[14, 500]	9.317033627596391]
[--:	[14, 500]	9.480658880316286]
[--:	[14, 500]	9.625512410398674]
[--:	[14, 500]	9.389135078185818]
[--:	[14, 500]	9.806679890371903]
[--:	[14, 500]	7.876000062418563]
[--:	[14, 500]	9.293657977891396]
[--:	[14, 500]	9.561458175112476]
[--:	[14, 500]	9.848397798562875]
[--:	[14, 500]	8.849572932982014]
[--:	[14, 500]	8.354583413323894]
[--:	[14, 500]	9.637438743136387]
[--:	[14, 500]	9.38405874754038]
[--:	[14, 500]	9.009902287468773]
[--:	[14, 500]	9.469216129364584]
[--:	[14, 500]	9.362663127663314]
[--:	[14, 500]	9.537748585735446]
[--:	[14, 500]	9.537819707846719]
[--:	[14, 500]	9.641700057797278]
[--:	[14, 500]	9.416307258924718]
[--:	[14, 500]	9.096355121804233]
[--:	[14, 500]	9.786549876674094]
[--:	[14, 500]	9.804185356650802]
[--:	[14, 500]	9.46569212774407]
[--:	[14, 500]	8.518504201717516]
[--:	[14, 500]	9.022756874294892]
[--:	[14, 500]	9.803342837095826]
[--:	[14, 500]	9.134544420779758]
[--:	[14, 500]	8.363565745095254]
[--:	[14, 500]	9.673884800011288]
[--:	[14, 500]	9.242488902950726]
[--:	[14, 500]	9.36556939774573]
[--:	[14, 500]	9.804229396160537]
[--:	[14, 500]	9.784359106327688]
[--:	[14, 500]	9.465030843010869]
[--:	[14, 500]	7.37027373557523]
[--:	[14, 500]	9.687082069864838]
[--:	[14, 500]	8.716996093263546]
[--:	[14, 500]	9.800401149915421]
[--:	[14, 500]	8.217166011727524]
[--:	[14, 500]	9.503283701064074]
[--:	[14, 500]	9.555177763713287]
[--:	[14, 500]	9.604174609616267]
[--:	[14, 500]	9.809858018909818]
[--:	[14, 500]	9.807008740125903]
[--:	[14, 500]	9.831816750897461]
[--:	[14, 500]	9.812246014977696]
[--:	[14, 500]	9.788975194543383]
[--:	[14, 500]	9.55554584058393]
[--:	[14, 500]	9.129163892388842]
[--:	[14, 500]	9.270434473805238]
[--:	[14, 500]	9.557942689423045]
[--:	[14, 500]	9.54402533209]
[--:	[14, 500]	9.841780560826738]
[--:	[14, 500]	9.786300077881975]
[--:	[14, 500]	9.575124863303161]
[--:	[14, 500]	9.80489228864387]
[--:	[14, 500]	8.520437007837383]
[--:	[14, 500]	9.48198216428051]
[--:	[14, 500]	9.676973303921825]
[--:	[14, 500]	9.832504539803399]
[--:	[14, 500]	9.223103921661863]
[--:	[14, 500]	9.472777507909102]
[--:	[14, 500]	9.642248644525178]
[--:	[14, 500]	9.833851046371255]
[--:	[14, 500]	9.563188607739285]
[--:	[14, 500]	9.617667563631004]
[--:	[14, 500]	9.379289131137924]
[--:	[14, 500]	9.121299245027911] 
[--:	[14, 500]	9.812133085732004]
[--:	[14, 500]	9.566589485860344]
[--:	[14, 500]	9.58178016949741]
[--:	[14, 500]	9.8792404850213]
[--:	[14, 500]	8.959407447512213]
[--:	[14, 500]	9.559524951257112]
[--:	[14, 500]	9.339727489789363]
[--:	[14, 500]	9.476517386107343]
[--:	[14, 500]	9.824940052693881]
[--:	[14, 500]	8.387670208702785]
[--:	[14, 500]	9.818443640772088]
[--:	[14, 500]	9.807048178218777]
[--:	[14, 500]	9.861644869052826]
[--:	[14, 500]	9.3461548671567]
[--:	[14, 500]	9.36476993524398]
[--:	[14, 500]	9.64530466036845]
[--:	[14, 500]	9.26438479063639]
[--:	[14, 500]	9.476761220111099]
[--:	[14, 500]	8.99152879499417]
[--:	[14, 500]	9.562862659763756]
[--:	[14, 500]	9.12579123131908]
[--:	[14, 500]	9.27863095503617]
[--:	[14, 500]	9.807195507035729]
[TOTAL:  	[14, 500]	9.366401938370917]
