[		9.999093656663216] 
[		9.999462262136833] 
[		9.99897417157724] 
[		9.99898849977739] 
[		9.999503253944626] 
[		9.999199213755348] 
[		9.999599322102183] 
[		9.999490240760661] 
[		9.999000412489526] 
[		9.999433496415556] 
[		9.999693465484816] 
[		9.998508589963262] 
[		9.999453863906849] 
[		9.999242730142793] 
[		9.998958437585685] 
[		9.999202789720686] 
[		9.999421775528038] 
[		9.99916610810857] 
[		9.99880667278748] 
[		9.999008023137645] 
[		9.999153658159564] 
[		9.99926090911557] 
[		9.999630545144708] 
[		9.99911035447206] 
[		9.99871230920578] 
[		9.999285781813922] 
[		9.999338660324556] 
[		9.999439075244071] 
[		9.999344458698147] 
[		9.998704103883568] 
[		9.999384206192808] 
[		9.999028212281608] 
[		9.998933078855291] 
[		9.998682071995383] 
[		9.999380930428138] 
[		9.99924736802278] 
[		9.999344128070293] 
[		9.999267953718679] 
[		9.999637798245825] 
[		9.999280219400532] 
[		9.99890749556949] 
[		9.999025251627971] 
[		9.999326725521309] 
[		9.999313451205865] 
[		9.998896929617938] 
[		9.99945550159092] 
[		9.999546480575912] 
[		9.99920505263828] 
[		9.999389713163932] 
[		9.999373963842812] 
[		9.998909835605858] 
[		9.998881548181469] 
[		9.998999814172658] 
[		9.99939635740892] 
[		9.999062666293154] 
[		9.998913206680589] 
[		9.999312050547912] 
[		9.999582122492082] 
[		9.999056077847591] 
[		9.998902526332184] 
[		9.999274625907372] 
[		9.998911817430102] 
[		9.99892259370801] 
[		9.998977233754248] 
[		9.999118010507889] 
[		9.999377754665558] 
[		9.998567518174955] 
[		9.999562209597467] 
[		9.999065879724395] 
[		9.999042487849906] 
[		9.999398114794003] 
[		9.999605959333104] 
[		9.999449895143842] 
[		9.999601782312368] 
[		9.99894865018119] 
[		9.999228155928641] 
[		9.999394547284577] 
[		9.995278026950356] 
[		9.999183573303203] 
[		9.99915522972142] 
[		9.999216952004616] 
[		9.998889407822046] 
[		9.99894029547679] 
[		9.999245704633132] 
[		9.999304819315402] 
[		9.99930946685797] 
[		9.99904042723988] 
[		9.999154396795328] 
[		9.999209998669725] 
[		9.999058310335018] 
[		9.999360160862723] 
[		9.999271128465324] 
[		9.999350004574747] 
[		9.999217764700374] 
[		9.999414562228942] 
[		9.998979363593048] 
[		9.99724815583942] 
[		9.99915284320242] 
[		9.999428494561988] 
[		9.99939551915102] 
[TOTAL	[47]	9.999140814227811] 
