[		8.64867901637718] 
[		8.15090466331457] 
[		8.329594028856471] 
[		8.091408816720731] 
[		8.234275137772745] 
[		7.872752159078697] 
[		7.949729598402349] 
[		8.173826961468386] 
[		8.003303069481786] 
[		8.351618915012196] 
[		1.0705776413434827] 
[		8.29079487086259] 
[		7.799865619497915] 
[		7.896753452589635] 
[		7.987155590029565] 
[		7.9037533562570665] 
[		8.224146786090955] 
[		5.618513713633655] 
[		8.615687192892844] 
[		8.740914504087966] 
[		8.017516860369374] 
[		8.290642074443484] 
[		7.974109721619767] 
[		5.706150780004252] 
[		8.14843621950821] 
[		8.04761406698069] 
[		8.049894246178333] 
[		8.757345793868982] 
[		8.182040696720293] 
[		7.879048407234368] 
[		8.42565363463947] 
[		8.202301808474935] 
[		8.246511611477644] 
[		8.050552657459415] 
[		8.03997391261517] 
[		8.359072360260981] 
[		8.218024267880608] 
[		8.117678907538165] 
[		8.05560881810551] 
[		7.993018449512156] 
[		8.668946342278195] 
[		8.438214591553765] 
[		8.108586638271149] 
[		7.736120207548791] 
[		8.421407675945488] 
[		8.124791868360594] 
[		8.321482723322086] 
[		8.08844920266835] 
[		8.239823202358208] 
[		8.532831052647152] 
[		7.8169631419036705] 
[		8.679413046437297] 
[		8.014414168958988] 
[		8.065065520539921] 
[		8.001705054825484] 
[		8.005929974869808] 
[		8.382575318952103] 
[		8.29033626120789] 
[		7.791943154396641] 
[		8.236292479565035] 
[		8.074096244102329] 
[		8.301393271548006] 
[		8.588507400409789] 
[		8.104776788711796] 
[		7.9088917173678706] 
[		8.061067055205523] 
[		7.877845575523578] 
[		8.02833807196] 
[		8.016106853431248] 
[		7.978598874500734] 
[		8.269176448772335] 
[		8.66660582946951] 
[		8.090931517539591] 
[		8.102692529131042] 
[		8.367297982457925] 
[		3.5388673553977372] 
[		8.726457366806223] 
[		8.539344331697459] 
[		8.063724978667459] 
[		8.026582692401902] 
[		8.47320974108466] 
[		8.465467431820027] 
[		8.293037967283045] 
[		7.9629083586392735] 
[		8.390784867683825] 
[		8.214292857985447] 
[		7.846682944975987] 
[		8.02181547347973] 
[		7.763500100209306] 
[		8.099884729833057] 
[		8.051932615209514] 
[		7.76076634064156] 
[		7.894385633575876] 
[		8.4902178079196] 
[		7.43412329520374] 
[		8.260271168272663] 
[		8.386792751045002] 
[		7.949217034399217] 
[		8.401119169419875] 
[		8.282677470215434] 
