[		3.6500531543837638] 
[		5.294786956141073] 
[		2.6682939646047377] 
[		2.7025300319849683] 
[		2.835801431577222] 
[		3.7074808178491963] 
[		2.7914313174031546] 
[		0.19394537455104144] 
[		1.5360178652815044] 
[		2.0844915053250475] 
[		2.875506648099523] 
[		1.9619014591351407] 
[		2.7919945980157794] 
[		2.552653839515615] 
[		3.338244374409038] 
[		2.7124061912761386] 
[		4.511976532775751] 
[		1.995606312156191] 
[		3.3663993102962015] 
[		3.146160480393245] 
[		2.9680277847617] 
[		4.1139330802135285] 
[		3.3012852667630934] 
[		0.3910550681950458] 
[		2.6957698051195997] 
[		2.5087618020822418] 
[		2.548384050942645] 
[		2.6000652383175797] 
[		1.8140228461887054] 
[		2.8690099742362225] 
[		3.1816970539740543] 
[		2.9495702891925224] 
[		3.1484675618479696] 
[		4.213116220629341] 
[		3.045060286273757] 
[		3.860809119776424] 
[		3.7961497702038334] 
[		3.2138433114631413] 
[		2.9823950590643546] 
[		0.1885984454970341] 
[		3.039487757231813] 
[		3.7636821554881026] 
[		1.2852408102222812] 
[		2.0164068755462097] 
[		2.7162830935928945] 
[		3.0710629911184335] 
[		4.969285503663989] 
[		2.687988061270288] 
[		4.349101781679733] 
[		2.3583474402721523] 
[		3.446023071767599] 
[		2.1720104380664704] 
[		3.163656889754778] 
[		3.1569453636441858] 
[		2.1877995474517102] 
[		3.112648370841375] 
[		2.1066378396486725] 
[		2.5535514779402018] 
[		3.4016912792456333] 
[		0.982343963979918] 
[		2.9868723393598664] 
[		2.5028462315254307] 
[		2.431832888943189] 
[		3.2283923607118528] 
[		3.4904383383446644] 
[		4.208021577042896] 
[		2.4355123273581123] 
[		3.3995431406112155] 
[		2.4105413458358087] 
[		2.9418020817149215] 
[		2.7404766716370608] 
[		2.548230249820292] 
[		3.24787170003145] 
[		2.652043620549627] 
[		4.011243082032579] 
[		2.8248056013522054] 
[		3.493762738825406] 
[		1.5560965654586671] 
[		3.056246688647235] 
[		2.9066724070163064] 
[		2.568205457750853] 
[		3.348480368710069] 
[		2.559881074904932] 
[		2.552967655862028] 
[		2.7352712599605047] 
[		2.5817222618650257] 
[		2.787089592171481] 
[		3.3142684324966227] 
[		3.009814597190521] 
[		2.2765308569927383] 
[		3.308350532762673] 
[		2.5004600027989548] 
[		3.37922738908845] 
[		3.149819152363418] 
[		1.286489767297113] 
[		2.6476773854101627] 
[		2.70633149537967] 
[		3.730204763333445] 
[		4.0519048363543195] 
[		4.169588883244773] 
[TOTAL	[42]	2.873854366351001] 
