SOPHISTICATED ON SCHAFFERS / REPLACE OFFSPRING
----------------------------------------------
TUNING:

[0	[29]	8.889674242586898] 
[1	[26]	7.99950558690945] 
[2	[23]	6.458919092865992] 
[3	[15]	7.606632711134523] 
[4	[29]	5.093075883241257] 
[5	[40]	6.179494486983401] 
[6	[24]	7.786218853155543] 
[7	[6]	7.2322679380494765] 
[8	[36]	7.2711070981049755] 
[9	[5]	7.303052356585025] 
[10	[6]	8.068633055331036] 
[11	[32]	8.139360085629686] 
[12	[22]	6.18007184168831] 
[13	[8]	8.159346040567955] 
[14	[38]	8.114705167951836] 
[15	[40]	4.9835012045258775] 
[16	[12]	7.917274581294505] 
[17	[7]	7.772744894670444] 
[18	[11]	7.824592138472907] 
[19	[35]	5.744339458032032] 
[20	[5]	6.227848470010164] 
[21	[40]	7.187799441332679] 
[22	[4]	7.79683909100393] 
[23	[25]	6.290602202154469] 
[24	[12]	6.541224815912192] 
[25	[18]	6.226342048489678] 
[26	[7]	6.801718196494425] 
[27	[13]	7.231227882911452] 
[28	[21]	7.4566581774673875] 
[29	[12]	8.156398384878699] 
[30	[27]	6.501246580301769] 
[31	[34]	4.986585748946804] 
[32	[31]	7.2588084861133355] 
[33	[39]	5.605661625016497] 
[34	[19]	7.125473281002248] 
[35	[13]	7.442196479919656] 
[36	[18]	7.878055157055165] 
[37	[8]	7.336021073419938] 
[38	[17]	5.673292606203577] 
[39	[5]	5.434424285075636] 
[40	[8]	7.660819337603792] 
[41	[13]	7.216167129619575] 
[42	[4]	6.313877187527681] 
[43	[26]	7.990229385820294] 
[44	[38]	6.55141530782125] 
[45	[6]	7.2200710770606635] 
[46	[5]	6.54500541689919] 
[47	[5]	6.658873083822312] 
[48	[8]	8.448054337997817] 
[49	[8]	8.028228856229239] 
[50	[16]	7.493207100547086] 
[51	[13]	7.227837050445681] 
[52	[6]	7.988506154420127] 
[53	[8]	7.071459200611498] 
[54	[6]	8.074544160363116] 
[55	[8]	7.416818823912505] 
[56	[18]	7.135249647429859] 
[57	[7]	6.6271679255585925] 
[58	[21]	5.361367568502179] 
[59	[23]	7.371588705779732] 
[60	[15]	6.511849463677537] 
[61	[17]	7.198116779981774] 
[62	[26]	7.389861014970586] 
[63	[9]	7.08821609158594] 
[64	[4]	6.175439635863521] 
[65	[6]	7.385067951849193] 
[66	[17]	6.977204294486826] 
[67	[8]	7.9894884279565135] 
[68	[31]	7.333018980731579] 
[69	[14]	8.70124889905512] 
[70	[38]	8.666055437652831] 
[71	[6]	6.681884596169512] 
[72	[22]	7.962509136999676] 
[73	[39]	3.1337310838254187] 
[74	[33]	5.94276174935756] 
[75	[37]	5.797919186331644] 
[76	[6]	6.586193521428389] 
[77	[8]	6.070569619159642] 
[78	[36]	8.09669453327047] 
[79	[8]	6.600572168113382] 
[80	[27]	7.62329428394285] 
[81	[30]	7.991778122124705] 
[82	[8]	5.749872722159529] 
[83	[6]	6.545524273147923] 
[84	[6]	7.472136250115968] 
[85	[27]	8.61422832988973] 
[86	[35]	6.807193571197251] 
[87	[13]	7.781818273892379] 
[88	[29]	5.957356619279112] 
[89	[11]	8.583081738586017] 
[90	[22]	8.125527157548095] 
[91	[6]	5.823861057316121] 
[92	[16]	6.1779302459401455] 
[93	[4]	6.1107364683209155] 
[94	[7]	7.321379474956002] 
[95	[21]	6.924835777569038] 
[96	[6]	8.482726625017467] 
[97	[27]	5.036042009507403] 
[98	[18]	8.730604336606863] 
[99	[8]	7.5761951743618425] 
[100	[6]	7.910328410473639] 
[101	[20]	6.478330075227544] 
[102	[13]	6.084126360234545] 
[103	[7]	8.049679000755907] 
[104	[33]	6.698504084199596] 
[105	[8]	7.111239498021551] 
[106	[38]	5.755224968029331] 
[107	[6]	7.101622905170534] 
[108	[30]	6.1461316236533765] 
[109	[22]	6.725147398719672] 
[110	[16]	7.526705377483744] 
[111	[27]	7.722656050846152] 
[112	[22]	6.915650143431881] 
[113	[11]	8.699457319533797] 
[114	[4]	7.071944886072268] 
[115	[31]	6.145097225661724] 
[116	[4]	2.882549538544525] 
[117	[4]	6.967688768248328] 
[118	[21]	7.537021226008141] 
[119	[4]	6.238606463276776] 
[120	[15]	7.274318020223754] 
[121	[8]	7.275628772863821] 
[122	[27]	6.846428046573635] 
[123	[22]	8.517129903057931] 
[124	[10]	5.997961799167802] 
[125	[16]	8.596714150111758] 
[126	[6]	6.178858055539981] 
[127	[24]	6.4945005083030285] 
[128	[19]	6.831196587919246] 
[129	[27]	9.05160763227547] 
[130	[6]	6.36050044486967] 
[131	[20]	8.191995173362676] 
[132	[18]	7.4982774095469225] 
[133	[20]	6.532113779739999] 
[134	[24]	6.239373040000357] 
[135	[16]	5.355982124739538] 
[136	[6]	8.645337729351265] 
[137	[37]	8.703516900650659] 
[138	[21]	7.04771280301785] 
[139	[24]	7.168615286673773] 
[140	[6]	7.1747261302905] 
[141	[23]	8.120714216532807] 
[142	[6]	7.922758031513071] 
[143	[6]	7.793378816313583] 
[144	[17]	8.037137891120972] 
[145	[6]	6.469021405457899] 
[146	[6]	7.06310342603305] 
[147	[6]	7.473676339054281] 
[148	[27]	5.594869307106405] 
[149	[6]	6.882118110759402] 
[150	[20]	7.153145723401932] 
[151	[6]	7.079525378551388] 
[152	[24]	8.552087858495517] 
[153	[27]	7.193568755484682] 
[154	[6]	7.826968437801599] 
[155	[23]	7.352649898357123] 
[156	[6]	5.739095645722541] 
[157	[26]	7.397566091989131] 
[158	[8]	7.300128166163168] 
[159	[24]	6.6978574022141455] 
[160	[24]	9.039310031200127] 
[161	[23]	8.3779981612692] 
[162	[23]	7.110918149482006] 
[163	[24]	6.1174926515472325] 
[164	[30]	6.220899197373045] 
[165	[17]	7.889205218805797] 
[166	[15]	8.632395619247394] 
[167	[9]	5.8299534654506715] 
[168	[28]	7.253352358053481] 
[169	[8]	7.45574247623126] 
[170	[11]	8.567174023093248] 
[171	[6]	7.841103841664948] 
[172	[6]	7.918608104960188] 
[173	[6]	8.605559818110104] 
[174	[7]	6.962068062995778] 
[175	[6]	7.005621358905944] 
[176	[6]	6.779393428809797] 
[177	[24]	7.197831547770443] 
[178	[6]	7.24490970169794] 
[179	[6]	7.775367958180391] 
[180	[6]	5.163014622744991] 
[181	[6]	6.084737874942388] 
[182	[6]	6.547268804182434] 
[183	[13]	7.9879518708836414] 
[184	[17]	6.24027946800862] 
[185	[9]	8.001539116258389] 
[186	[17]	7.854584615599029] 
[187	[6]	7.219295956203868] 
[188	[28]	4.12182736924484] 
[189	[35]	8.37831035779411] 
[190	[35]	6.678126802490152] 
[191	[6]	7.723732266976066] 
[192	[15]	7.466983017091556] 
[193	[23]	6.671610451580383] 
[194	[19]	8.830407683982347] 
[195	[6]	6.496739020418045] 
[196	[17]	6.837572412229522] 
[197	[24]	6.939192555840769] 
[198	[22]	7.2716340014545295] 
[199	[31]	7.035726019839633] 
[200	[20]	6.745168103281659] 
[201	[15]	8.491232916621424] 
[202	[26]	7.880087455304431] 
[203	[22]	9.034681887845952] 
[204	[6]	7.746228970796118] 
[205	[8]	7.540073653847747] 
[206	[23]	5.088071401788729] 
[207	[25]	6.632536467084586] 
[208	[8]	7.7752352162303096] 
[209	[25]	6.79973182735768] 
[210	[22]	7.893014701256229] 
[211	[9]	6.105017896792044] 
[212	[35]	8.416162824477308] 
[213	[8]	8.177561646441045] 
[214	[6]	4.839398715848737] 
[215	[8]	7.206615301625291] 
[216	[28]	4.7213723314765925] 
[217	[6]	5.79543424890945] 
[218	[23]	7.3771544895758225] 
[219	[6]	4.907222245807822] 
[220	[8]	7.767827723310941] 
[221	[30]	7.49407231853146] 
[222	[12]	7.8441539219081164] 
[223	[26]	6.801144272586404] 
[224	[8]	8.168862172634231] 
[225	[6]	7.139169118648928] 
[226	[21]	6.819645713194129] 
[227	[15]	7.562003637199808] 
[228	[17]	5.89246386866756] 
[229	[37]	7.046193967125825] 
[230	[14]	6.236988255651887] 
[231	[23]	8.36443563747807] 
[232	[6]	6.472417247210617] 
[233	[19]	7.810525046956236] 
[234	[6]	7.28220264000331] 
[235	[19]	7.290329393775951] 
[236	[7]	7.372157849460933] 
[237	[6]	6.365084460998704] 
[238	[23]	6.27565219976603] 
[239	[14]	8.283433392784683] 
[240	[6]	7.850625555458086] 
[241	[21]	7.382640876194037] 
[242	[6]	7.273390073357594] 
[243	[6]	7.362658347810795] 
[244	[15]	7.224057755851925] 
[245	[8]	6.541607921835094] 
[246	[19]	6.849734699427399] 
[247	[18]	5.2599550201519] 
[248	[24]	8.085562685398774] 
[249	[7]	7.116413021118584] 
[250	[6]	8.3033361773427] 
[251	[7]	7.59131201535026] 
[252	[24]	6.422012997374884] 
[253	[17]	7.245624772670572] 
[254	[6]	8.529314083339715] 
[255	[19]	7.188152481747403] 
[256	[8]	6.963332549515283] 
[257	[8]	7.657339462809162] 
[258	[16]	7.128384230629808] 
[259	[6]	7.097130440143401] 
[260	[25]	7.324753321759975] 
[261	[6]	6.246082583568752] 
[262	[15]	6.936798182382828] 
[263	[26]	7.624078164906214] 
[264	[6]	7.832195799750551] 
[265	[8]	7.223875595065811] 
[266	[6]	7.4916684785670125] 
[267	[25]	7.321393784921943] 
[268	[6]	6.757600566577319] 
[269	[6]	5.67769744367522] 
[270	[6]	8.152765696988459] 
[271	[19]	8.20353975362108] 
[272	[17]	7.6858504343560465] 
[273	[6]	7.2274429122508534] 
[274	[15]	8.317859956948492] 
[275	[26]	7.255353038009008] 
[276	[6]	7.2674800748642925] 
[277	[16]	6.901023328451856] 
[278	[11]	7.403507388044408] 
[279	[6]	7.869882075491352] 
[280	[7]	7.393760683840448] 
[281	[29]	8.284969366148923] 
[282	[28]	7.754937213848241] 
[283	[6]	6.132878642902049] 
[284	[22]	8.257835276941336] 
[285	[17]	7.688354997416819] 
[286	[6]	8.413268282554899] 
[287	[21]	6.999439421050701] 
[288	[22]	8.02466191515276] 
[289	[14]	6.275569604027523] 
[290	[23]	6.23683159723484] 
[291	[21]	7.616223474657946] 
[292	[6]	7.890516553695764] 
[293	[13]	8.25136677398736] 
[294	[25]	5.795156887824142] 
[295	[6]	6.198059193013762] 
[296	[8]	7.891936983486326] 
[297	[22]	6.296639989754867] 
[298	[23]	6.120320421327461] 
[299	[15]	7.709681462623939] 
[300	[8]	7.459225698441595] 
[301	[8]	6.511373149553867] 
[302	[6]	7.532602140986027] 
[303	[6]	7.065928000479232] 
[304	[6]	7.012701392536504] 
[305	[6]	8.090240249977008] 
[306	[6]	8.043885122839256] 
[307	[6]	5.962313480187567] 
[308	[26]	7.208151452900324] 
[309	[22]	8.632217134976612] 
[310	[8]	7.387591263258775] 
[311	[21]	6.5770189139639825] 
[312	[6]	7.711345262446524] 
[313	[6]	6.510409775626376] 
[314	[22]	8.005178481907972] 
[315	[6]	7.335664325053631] 
[316	[17]	6.049769948365052] 
[317	[11]	8.927222842119946] 
[318	[6]	6.223753160712354] 
[319	[15]	7.6523970375699335] 
[320	[14]	7.53069343438708] 
[321	[6]	7.38210051446209] 
[322	[9]	8.031814433399454] 
[323	[6]	7.529591813197365] 
[324	[6]	6.341318210767245] 
[325	[22]	8.417267615551065] 
[326	[6]	6.946927898681456] 
[327	[7]	8.206826345834529] 
[328	[6]	7.600613663121538] 
[329	[23]	6.334263274158404] 
[330	[6]	6.784188154835481] 
[331	[6]	4.969794088368891] 
[332	[24]	6.981947835138581] 
[333	[24]	7.914907266489623] 
[334	[18]	6.966014840437104] 
[335	[20]	7.216090177199952] 
[336	[6]	6.486419580160027] 
[337	[7]	6.753400056799997] 
[338	[6]	6.523604739321854] 
[339	[6]	6.534837620477939] 
[340	[6]	7.66536759161699] 
[341	[17]	6.300414227916333] 
[342	[6]	6.915333512070655] 
[343	[6]	8.32987651855947] 
[344	[6]	8.679919992739826] 
[345	[10]	8.130618471415431] 
[346	[6]	7.707358008117947] 
[347	[6]	6.980697559106422] 
[348	[16]	7.267272024394158] 
[349	[6]	6.312149462631027] 
[350	[23]	6.980965216544837] 
[351	[10]	9.073361245829112] 
[352	[10]	6.852952012848979] 
[353	[9]	8.137806432701403] 
[354	[27]	8.926592501975112] 
[355	[16]	6.456916449481109] 
[356	[11]	7.985114794772427] 
[357	[6]	6.748230139207214] 
[358	[6]	6.8662186456992655] 
[359	[17]	7.3152057903259236] 
[360	[28]	5.35346699016276] 
[361	[6]	6.666575991265979] 
[362	[9]	7.406164460458781] 
[363	[16]	7.079944485332211] 
[364	[6]	7.655353083039975] 
[365	[17]	7.810080259081497] 
[366	[12]	7.357717659671842] 
[367	[12]	7.970960819513344] 
[368	[7]	7.875412444073501] 
[369	[24]	7.627310185681226] 
[370	[6]	9.091092167197854] 
[371	[22]	7.965153462083269] 
[372	[20]	6.764137847648717] 
[373	[15]	7.183482446648222] 
[374	[6]	7.875768818915793] 
[375	[6]	5.563903342430588] 
[376	[10]	6.807707671789865] 
[377	[9]	7.459433874407138] 
[378	[8]	8.62052158261037] 
[379	[6]	6.933818624700784] 
[380	[13]	6.028784956387983] 
[381	[17]	8.314894393837466] 
[382	[6]	7.153095164486781] 
[383	[18]	7.330619263517477] 
[384	[6]	6.715504065204888] 
[385	[6]	7.415398293354022] 
[386	[22]	7.839658833239383] 
[387	[7]	7.111355750790733] 
[388	[17]	7.330481942399932] 
[389	[17]	7.793129141884926] 
[390	[20]	6.875311657800317] 
[391	[8]	8.200406842225647] 
[392	[6]	8.44250801208958] 
[393	[14]	9.298108857364799] 
[394	[6]	6.621477330810981] 
[395	[6]	6.46750959039684] 
[396	[9]	6.9016328945598815] 
[397	[6]	7.690921138545474] 
[398	[9]	6.076299697989637] 
[399	[6]	7.486944647052977] 
[400	[6]	6.886333475063802] 
[401	[8]	8.104850595944374] 
[402	[13]	7.417562917832521] 
[403	[6]	7.016119734376119] 
[404	[6]	7.496743541323262] 
[405	[6]	7.43904419690422] 
[406	[26]	8.188635496671179] 
[407	[8]	8.61509231435661] 
[408	[6]	7.004173261212413] 
[409	[6]	6.763931993251565] 
[410	[14]	7.052927186250476] 
[411	[18]	6.697221021499122] 
[412	[14]	6.748663854751865] 
[413	[10]	6.478721423097889] 
[414	[9]	7.163018848551611] 
[415	[24]	7.111346826213504] 
[416	[6]	7.179675296316345] 
[417	[23]	6.58707574383255] 
[418	[16]	8.249441810676009] 
[419	[21]	8.297593157737177] 
[420	[6]	7.300171759711669] 
[421	[13]	7.130444819480404] 
[422	[6]	7.02951261877296] 
[423	[14]	8.083768617235629] 
[424	[7]	6.324467318777243] 
[425	[8]	7.398405352577555] 
[426	[16]	6.86295020214192] 
[427	[12]	7.689147890142744] 
[428	[17]	7.419495104208974] 
[429	[8]	6.637523140902327] 
[430	[15]	8.390769737616797] 
[431	[21]	8.187757707037147] 
[432	[6]	7.618713458416916] 
[433	[15]	8.063116822965618] 
[434	[6]	6.920347480850661] 
[435	[17]	7.027637110899849] 
[436	[9]	7.784097590117737] 
[437	[9]	8.840916344592689] 
[438	[13]	8.50929619940229] 
[439	[6]	7.24714552644601] 
[440	[6]	7.022589761474765] 
[441	[13]	6.671724740648431] 
[442	[6]	7.1360935335076245] 
[443	[10]	5.338560659030375] 
[444	[6]	6.434076530241835] 
[445	[22]	5.813359542789442] 
[446	[19]	7.134644119445613] 
[447	[6]	7.1537948126002275] 
[448	[16]	8.437512792316122] 
[449	[9]	6.566165227608911] 
[450	[11]	8.530732146715597] 
[451	[9]	6.644146594343074] 
[452	[17]	5.074737678267451] 
[453	[6]	7.893237259170104] 
[454	[9]	6.228551640132452] 
[455	[22]	7.3032808508572415] 
[456	[17]	6.732007619710222] 
[457	[17]	9.258838997613736] 
[458	[12]	6.424861695545809] 
[459	[15]	7.243618043934562] 
[460	[6]	7.383118855361829] 
[461	[14]	7.735771965895212] 
[462	[14]	6.605596337510154] 
[463	[24]	7.047358744570912] 
[464	[6]	5.669489187925056] 
[465	[13]	5.660469969613786] 
[466	[6]	8.224817989419202] 
[467	[6]	7.4422344065915285] 
[468	[23]	6.384884995772449] 
[469	[6]	7.181942235744816] 
[470	[6]	7.118916529593447] 
[471	[17]	7.288707800729767] 
[472	[6]	7.4686104134832245] 
[473	[18]	8.602223883855737] 
[474	[14]	7.156551200391273] 
[475	[11]	6.745676692465674] 
[476	[20]	6.769892618254741] 
[477	[10]	8.332284142854814] 
[478	[8]	8.656564904246544] 
[479	[16]	6.895672527521677] 
[480	[6]	6.50159656139989] 
[481	[6]	7.471068795412916] 
[482	[6]	7.999710089877567] 
[483	[17]	8.15771554027846] 
[484	[19]	7.384244929301919] 
[485	[13]	6.335477980532703] 
[486	[6]	6.138130593556818] 
[487	[6]	6.794736578840499] 
[488	[10]	7.777092058749849] 
[489	[6]	8.64946428952955] 
[490	[23]	6.495631482435227] 
[491	[22]	7.493675645124337] 
[492	[20]	7.25399979656549] 
[493	[20]	7.304498151735908] 
[494	[9]	7.865259278109785] 
[495	[21]	7.098119093060015] 
[496	[6]	5.546404365131598] 
[497	[21]	7.610705945210289] 
[498	[12]	8.880417734387235] 
[499	[12]	6.539298401143928] 
[500	[6]	6.4202623583569345] 
[BEST	[14]	9.298108857364799] 



SOPHISTICATED / SCHAFFERS / TOURNAMENT OFFSPRING / H=5 / RUNS=10


[0	[188, 4, 26]	8.069282242546885] 
[1	[143, 4, 12]	6.511170370232351] 
[2	[104, 3, 8]	4.437894809909088] 
[3	[157, 14, 14]	5.973023700834597] 
[4	[189, 31, 5]	4.977237784338197] 
[5	[178, 27, 6]	5.177451485329974] 
[6	[125, 31, 11]	3.7297660241264996] 
[7	[158, 33, 4]	6.409538024755681] 
[8	[141, 35, 47]	4.4865801599275335] 
[9	[193, 32, 5]	7.13646224722472] 
[10	[120, 23, 48]	3.1108720401914223] 
[11	[135, 48, 27]	4.144488575391297] 
[12	[181, 5, 9]	6.419399756564888] 
[13	[177, 43, 5]	5.7237561822918] 
[14	[112, 31, 5]	5.388920964185233] 
[15	[163, 33, 21]	5.258323604401552] 
[16	[179, 7, 9]	7.72604188274632] 
[17	[160, 40, 7]	4.3333625541442] 
[18	[158, 7, 13]	7.098955224052864] 
[19	[179, 4, 42]	6.421585393265371] 
[20	[120, 29, 8]	5.19144733848818] 
[21	[143, 24, 32]	4.604711062528385] 
[22	[166, 30, 30]	4.307144940662012] 
[23	[181, 17, 10]	6.651018162515916] 
[24	[189, 5, 5]	6.298965468644828] 
[25	[184, 6, 11]	7.291340444007152] 
[26	[180, 4, 36]	7.0016458685376595] 
[27	[163, 43, 10]	5.261393703802261] 
[28	[167, 4, 29]	6.693725409855576] 
[29	[163, 7, 7]	7.6757408465629045] 
[30	[178, 35, 5]	4.702777218750908] 
[31	[180, 6, 5]	6.6900464322472395] 
[32	[185, 27, 11]	5.073055511155782] 
[33	[192, 6, 24]	7.00069726819813] 
[34	[177, 44, 13]	4.4095096289332085] 
[35	[180, 19, 5]	5.196688040977199] 
[36	[152, 3, 38]	6.135473877243497] 
[37	[180, 4, 12]	7.775208699985784] 
[38	[182, 11, 7]	6.7621681233084745] 
[39	[128, 6, 44]	6.0507860924018475] 
[40	[183, 35, 5]	6.231432555370515] 
[41	[185, 23, 31]	4.783392640275152] 
[42	[161, 48, 12]	5.284874200868677] 
[43	[190, 32, 4]	5.974578485578411] 
[44	[180, 28, 35]	5.090859629550306] 
[45	[181, 9, 4]	6.637111614439675] 
[46	[184, 4, 28]	6.297674817363776] 
[47	[126, 48, 42]	3.8196375556359983] 
[48	[149, 3, 42]	5.668141417124461] 
[49	[180, 19, 11]	5.4465028456037645] 
[50	[196, 3, 4]	5.153090715444928] 
[51	[193, 7, 5]	5.834333744831452] 
[52	[106, 4, 33]	6.577865387493573] 
[53	[152, 39, 33]	4.1136980403395835] 
[54	[151, 4, 6]	5.32900506168753] 
[55	[142, 41, 13]	5.665777446900802] 
[56	[138, 4, 11]	6.088364728352099] 
[57	[184, 4, 5]	5.968803120748063] 
[58	[158, 26, 6]	5.840668069970046] 
[59	[194, 4, 6]	6.955029917978752] 
[60	[180, 11, 15]	6.261555745494094] 
[61	[185, 4, 9]	7.534179782695812] 
[62	[176, 32, 33]	5.26030786185976] 
[63	[182, 4, 10]	7.082857467564245] 
[64	[150, 3, 24]	6.506109477489192] 
[65	[177, 6, 44]	6.648581099474689] 
[66	[173, 4, 27]	6.708197096804691] 
[67	[182, 23, 18]	5.31463219817185] 
[68	[145, 3, 9]	6.9868568707078715] 
[69	[167, 7, 30]	5.241132442806773] 
[70	[183, 3, 33]	7.279124006825685] 
[71	[184, 20, 5]	7.027569964913994] 
[72	[182, 3, 39]	5.586900585433644] 
[73	[166, 9, 17]	5.853518830833946] 
[74	[108, 7, 5]	6.365478054894703] 
[75	[181, 3, 5]	6.176873153959944] 
[76	[110, 40, 42]	4.0608970314353945] 
[77	[180, 7, 5]	6.377375320475949] 
[78	[195, 4, 12]	7.769407570722596] 
[79	[128, 3, 15]	7.1388861232992875] 
[80	[168, 24, 6]	5.8532227482527475] 
[81	[182, 20, 7]	6.400797878593324] 
[82	[188, 5, 5]	6.069561295170916] 
[83	[193, 17, 27]	6.0914773232881565] 
[84	[180, 9, 26]	6.004010345063877] 
[85	[188, 5, 21]	7.153802040641182] 
[86	[173, 3, 12]	7.157236033911104] 
[87	[146, 26, 5]	5.70610982225494] 
[88	[192, 4, 39]	6.265436965542383] 
[89	[147, 9, 15]	5.412015808440077] 
[90	[180, 5, 34]	6.682379420163508] 
[91	[173, 4, 4]	5.957980523291774] 
[92	[113, 4, 4]	5.4282724100146025] 
[93	[163, 7, 4]	6.118689789545181] 
[94	[189, 5, 8]	7.034728054915306] 
[95	[154, 3, 4]	4.807849855221076] 
[96	[141, 13, 5]	5.587515153515527] 
[97	[185, 3, 4]	5.189393301372055] 
[98	[194, 4, 44]	6.612697169758882] 
[99	[122, 4, 4]	5.377715359550661] 
[100	[121, 7, 5]	5.275026491101601] 
[101	[177, 3, 9]	7.929712375419478] 
[102	[182, 4, 19]	7.009452144878344] 
[103	[175, 3, 5]	5.159731787489545] 
[104	[139, 4, 13]	5.402493564067141] 
[105	[167, 3, 36]	6.2505720627146095] 
[106	[183, 3, 24]	7.433212862738667] 
[107	[193, 6, 31]	6.7662692050918585] 
[108	[171, 3, 6]	6.697289704382664] 
[109	[128, 5, 24]	4.730067267456237] 
[110	[134, 5, 11]	5.834342214468591] 
[111	[147, 3, 7]	5.988608538033874] 
[112	[173, 3, 28]	7.178542329194428] 
[113	[181, 22, 11]	4.383086071137881] 
[114	[165, 4, 14]	7.759394552421134] 
[115	[173, 4, 4]	4.478231062698387] 
[116	[180, 7, 4]	5.685360273002007] 
[117	[194, 3, 27]	6.91359557817949] 
[118	[168, 4, 4]	5.638568745593953] 
[119	[120, 17, 27]	5.684245220254634] 
[120	[181, 4, 4]	5.60671009258976] 
[121	[180, 34, 37]	4.5134978406526] 
[122	[176, 5, 44]	5.935030404980106] 
[123	[180, 3, 27]	6.5057483164868675] 
[124	[182, 3, 9]	6.5861806230601525] 
[125	[188, 34, 25]	5.009343663209686] 
[126	[183, 3, 37]	7.530688306495369] 
[127	[180, 26, 8]	6.957422663575191] 
[128	[164, 3, 40]	5.294773216454774] 
[129	[184, 4, 41]	6.770758517181493] 
[130	[193, 3, 4]	6.144476538436243] 
[131	[195, 6, 27]	7.244434102370179] 
[132	[174, 3, 5]	6.360502939025882] 
[133	[148, 30, 9]	5.246022452963512] 
[134	[182, 3, 29]	6.890881666096023] 
[135	[190, 4, 5]	5.984418572176088] 
[136	[176, 34, 4]	6.202739450227193] 
[137	[180, 5, 15]	6.838689402885064] 
[138	[193, 5, 11]	7.44382141937507] 
[139	[182, 5, 15]	6.192245571907913] 
[140	[192, 3, 4]	5.6438271178837685] 
[141	[185, 3, 34]	6.113110915813822] 
[142	[172, 7, 4]	5.810283504370267] 
[143	[113, 4, 15]	6.4631891255888085] 
[144	[195, 3, 5]	5.656948337013469] 
[145	[195, 5, 12]	7.880404552378396] 
[146	[108, 3, 5]	4.300627356019149] 
[147	[183, 4, 18]	6.358174092690286] 
[148	[180, 3, 34]	7.0632493788020305] 
[149	[120, 3, 17]	5.788134450643404] 
[150	[173, 25, 5]	6.776450021483732] 
[151	[195, 3, 26]	7.518671737631814] 
[152	[180, 3, 4]	5.198990939313431] 
[153	[194, 5, 5]	6.79709733032073] 
[154	[183, 3, 6]	6.070295691262838] 
[155	[189, 3, 19]	6.481604424064935] 
[156	[175, 19, 4]	6.381203513951825] 
[157	[176, 4, 32]	6.383104314369269] 
[158	[136, 3, 10]	6.504272933017556] 
[159	[182, 7, 4]	6.4837520003861] 
[160	[135, 3, 6]	6.485167618188858] 
[161	[187, 9, 5]	7.459351635830016] 
[162	[149, 3, 11]	4.984642084755374] 
[163	[180, 12, 11]	6.920642265049716] 
[164	[193, 3, 16]	7.66244772247516] 
[165	[143, 3, 10]	6.879260668229119] 
[166	[177, 3, 8]	6.6392911652737725] 
[167	[119, 3, 11]	5.670611127693738] 
[168	[172, 7, 5]	6.340090928865271] 
[169	[181, 20, 14]	5.8403280864888245] 
[170	[183, 3, 9]	6.834492093666364] 
[171	[190, 20, 11]	6.444346293015422] 
[172	[154, 5, 13]	6.4364338767258396] 
[173	[178, 4, 23]	6.483282183611009] 
[174	[157, 9, 14]	6.970386380285727] 
[175	[182, 3, 35]	5.909669743059243] 
[176	[177, 3, 10]	7.48292799575361] 
[177	[179, 19, 6]	5.429260546207064] 
[178	[181, 3, 14]	7.145135227378129] 
[179	[171, 3, 16]	6.669199269861277] 
[180	[183, 4, 43]	5.573443330792252] 
[181	[155, 4, 9]	6.510712878164767] 
[182	[137, 3, 37]	5.078400333600785] 
[183	[178, 3, 9]	6.583816366530769] 
[184	[192, 15, 4]	6.004573177359011] 
[185	[177, 3, 6]	7.2218531706610785] 
[186	[193, 3, 15]	7.389158146642108] 
[187	[179, 4, 22]	7.1179819947263905] 
[188	[114, 3, 27]	6.1080420242097055] 
[189	[193, 3, 10]	7.942977194520858] 
[190	[176, 3, 23]	6.836150668312345] 
[191	[180, 3, 6]	6.125779819771939] 
[192	[195, 11, 18]	6.740965904030976] 
[193	[180, 21, 22]	6.085505848556534] 
[194	[189, 16, 17]	5.826078596260626] 
[195	[159, 5, 27]	7.234039642960669] 
[196	[185, 3, 10]	6.694197449166514] 
[197	[176, 5, 10]	6.068606502122689] 
[198	[185, 6, 9]	7.063559894159453] 
[199	[193, 9, 39]	6.143705829433315] 
[200	[193, 5, 11]	7.042020389179991] 
[201	[182, 3, 29]	6.761119252906985] 
[202	[179, 3, 35]	7.0258302310283405] 
[203	[182, 3, 5]	6.126921056909864] 
[204	[180, 3, 5]	4.575807776094826] 
[205	[153, 3, 12]	6.5397489590446565] 
[206	[173, 5, 7]	7.6866237898420655] 
[207	[184, 4, 11]	7.13747464828597] 
[208	[174, 3, 16]	7.589136255778199] 
[209	[193, 3, 5]	5.8737035072261925] 
[210	[136, 9, 30]	5.044998710743787] 
[211	[187, 3, 18]	6.693630329087449] 
[212	[195, 4, 12]	7.669934681945406] 
[213	[184, 3, 23]	7.232987684157087] 
[214	[185, 4, 16]	7.523900365942471] 
[215	[178, 3, 5]	6.523524607110243] 
[216	[195, 5, 10]	6.607328157510357] 
[217	[174, 5, 38]	6.533325617527082] 
[218	[184, 3, 10]	6.857101821015931] 
[219	[180, 3, 6]	7.163743215119516] 
[220	[167, 3, 32]	7.034174140664145] 
[221	[181, 10, 23]	6.512524962307223] 
[222	[180, 5, 12]	7.164996874441082] 
[223	[190, 3, 15]	6.074601565315364] 
[224	[184, 5, 7]	6.984193437119519] 
[225	[180, 3, 6]	6.7616360084604805] 
[226	[194, 13, 11]	7.151319000977783] 
[227	[193, 4, 27]	7.095185207591078] 
[228	[180, 21, 25]	4.624134495404553] 
[229	[179, 3, 23]	6.796075725208497] 
[230	[177, 4, 12]	7.556474665222162] 
[231	[183, 4, 27]	6.479490599641685] 
[232	[195, 3, 9]	6.846232659484628] 
[233	[178, 3, 13]	7.0408948177708215] 
[234	[179, 4, 13]	6.585969645947707] 
[235	[194, 3, 22]	6.879103530920814] 
[236	[170, 4, 29]	5.956714954262536] 
[237	[191, 3, 7]	6.666439216944396] 
[238	[187, 3, 7]	5.865183859833551] 
[239	[190, 3, 15]	6.388125346988651] 
[240	[194, 4, 18]	5.824327562550098] 
[241	[178, 3, 11]	7.353198182012636] 
[242	[175, 4, 13]	7.381661519540185] 
[243	[179, 3, 6]	6.115882046899548] 
[244	[146, 3, 21]	6.230459869032517] 
[245	[189, 16, 6]	5.473431195605371] 
[246	[195, 5, 12]	7.4101487731403335] 
[247	[179, 5, 7]	6.426276148078231] 
[248	[165, 9, 8]	7.2651611872172515] 
[249	[192, 5, 10]	6.782471666215373] 
[250	[180, 12, 21]	6.375127974659335] 
[251	[178, 4, 8]	7.217642520589199] 
[252	[193, 9, 17]	6.747422077095312] 
[253	[188, 3, 16]	6.50612381312728] 
[254	[190, 3, 23]	7.116537021783196] 
[255	[189, 5, 8]	7.037916668879523] 
[256	[182, 3, 6]	5.190041732422724] 
[257	[180, 4, 28]	7.28721337737001] 
[258	[184, 3, 24]	7.276810820631168] 
[259	[177, 12, 9]	7.023772223632519] 
[260	[189, 3, 27]	7.217088940350377] 
[261	[173, 3, 8]	6.755491224250064] 
[262	[174, 3, 12]	6.959633769684114] 
[263	[188, 3, 11]	6.78459452700152] 
[264	[193, 4, 7]	7.03358486192841] 
[265	[180, 3, 7]	5.691123528238878] 
[266	[192, 3, 6]	6.369398463615195] 
[267	[180, 3, 7]	5.2220035146866755] 
[268	[185, 3, 9]	6.4717204367179075] 
[269	[191, 3, 31]	6.620204078147935] 
[270	[188, 3, 22]	7.206199187017073] 
[271	[195, 10, 18]	6.580057205562724] 
[272	[192, 6, 23]	6.9905837610626085] 
[273	[179, 3, 9]	6.2674033359488375] 
[274	[185, 10, 6]	6.555932863609065] 
[275	[181, 7, 23]	7.0150493935703535] 
[276	[184, 3, 6]	7.726666091481733] 
[277	[191, 3, 24]	6.1471324419934525] 
[278	[172, 3, 17]	7.7578289789764465] 
[279	[169, 4, 12]	6.785357910443691] 
[280	[184, 3, 12]	6.666760044491738] 
[281	[177, 5, 6]	6.233612102233939] 
[282	[176, 3, 19]	6.466379695511365] 
[283	[178, 3, 7]	7.132438937971839] 
[284	[183, 3, 15]	7.48247445369054] 
[285	[179, 3, 7]	6.312633391159125] 
[286	[175, 10, 13]	6.408322886001657] 
[287	[180, 13, 12]	7.05412122535678] 
[288	[184, 4, 6]	6.2224602750358295] 
[289	[174, 3, 17]	6.767359060972034] 
[290	[195, 3, 7]	6.264616697409235] 
[291	[164, 3, 11]	6.865143878651853] 
[292	[184, 5, 21]	7.428644932927369] 
[293	[183, 3, 34]	7.435564960778589] 
[294	[180, 3, 12]	6.763981676552476] 
[295	[169, 12, 30]	6.091662245710783] 
[296	[168, 3, 34]	6.139500281750573] 
[297	[171, 3, 7]	5.792879186236681] 
[298	[174, 4, 16]	6.8433811129181485] 
[299	[166, 3, 9]	5.451341357355037] 
[300	[182, 4, 12]	6.928597232252196] 
[301	[182, 4, 10]	6.94245502221526] 
[302	[194, 10, 7]	6.796676753750081] 
[303	[167, 3, 17]	7.030257973308554] 
[304	[171, 3, 17]	6.561401524015751] 
[305	[183, 3, 8]	6.7775698094171215] 
[306	[182, 3, 11]	6.696673343949411] 
[307	[182, 3, 20]	6.684564290986091] 
[308	[184, 3, 13]	7.605557152404942] 
[309	[192, 3, 6]	6.104868936662208] 
[310	[182, 4, 13]	7.239928447196435] 
[311	[180, 4, 19]	7.281685720029428] 
[312	[176, 3, 15]	6.483104092686651] 
[313	[184, 4, 8]	6.092538008899597] 
[314	[190, 3, 6]	6.403722227876159] 
[315	[195, 3, 17]	7.054790992977336] 
[316	[183, 3, 19]	7.677358108430508] 
[317	[181, 3, 15]	6.824650887551044] 
[318	[170, 3, 10]	5.966176423504452] 
[319	[191, 4, 31]	7.203493765051191] 
[320	[195, 3, 21]	7.961204093777544] 
[321	[171, 3, 20]	7.199415794145654] 
[322	[178, 5, 24]	5.88299960916155] 
[323	[177, 3, 7]	6.121967722762123] 
[324	[187, 10, 7]	7.056331818120526] 
[325	[178, 3, 12]	7.008445873487179] 
[326	[194, 7, 14]	7.161573280083568] 
[327	[168, 3, 12]	6.631278864303946] 
[328	[193, 3, 24]	7.944534785777597] 
[329	[188, 10, 20]	6.916162979275173] 
[330	[175, 5, 20]	5.850106477663584] 
[331	[190, 3, 20]	7.577736360883674] 
[332	[192, 4, 6]	6.890658018684729] 
[333	[169, 3, 27]	7.413502531108729] 
[334	[178, 3, 22]	6.098160445685753] 
[335	[180, 3, 10]	6.831821354645594] 
[336	[194, 3, 19]	8.206667006837954] 
[337	[170, 4, 16]	7.423714736290029] 
[338	[172, 4, 23]	7.008604686128319] 
[339	[182, 3, 8]	7.233716073784618] 
[340	[169, 3, 13]	6.826275048589178] 
[341	[184, 3, 9]	7.332367672561132] 
[342	[166, 3, 6]	4.784533762857659] 
[343	[179, 4, 7]	6.758026133401205] 
[344	[165, 3, 19]	6.183718328726082] 
[345	[186, 3, 13]	6.985722523869457] 
[346	[182, 3, 20]	7.241448586169637] 
[347	[188, 3, 10]	7.66813380932769] 
[348	[191, 3, 8]	6.686376179020951] 
[349	[193, 4, 17]	7.187254947738879] 
[350	[173, 3, 13]	7.453158144646631] 
[351	[178, 4, 15]	7.263458866125442] 
[352	[183, 8, 21]	6.191425464762992] 
[353	[184, 3, 23]	6.526716418577698] 
[354	[185, 3, 9]	7.023298113802812] 
[355	[170, 7, 15]	7.283603488100774] 
[356	[181, 3, 16]	7.262343224511469] 
[357	[180, 3, 10]	6.23883970284107] 
[358	[192, 3, 17]	7.976622743380811] 
[359	[183, 3, 19]	6.19030853127777] 
[360	[164, 3, 12]	6.415417344579469] 
[361	[164, 3, 14]	6.454771801208223] 
[362	[167, 3, 6]	6.233810559582787] 
[363	[174, 3, 8]	6.374747634648791] 
[364	[177, 4, 13]	7.231836447540626] 
[365	[184, 4, 18]	7.947697171540437] 
[366	[182, 3, 19]	7.42357295408235] 
[367	[181, 3, 7]	5.9482838278446675] 
[368	[173, 3, 30]	7.3685485413815055] 
[369	[176, 3, 13]	6.478569019134464] 
[370	[179, 3, 16]	7.799541428072569] 
[371	[184, 3, 14]	7.385231459150831] 
[372	[179, 4, 14]	7.255178003154127] 
[373	[183, 3, 29]	6.884337810639361] 
[374	[182, 3, 8]	6.472928799315522] 
[375	[182, 3, 9]	6.955818618992691] 
[376	[167, 9, 20]	6.793572718746143] 
[377	[173, 9, 7]	6.5882527662942945] 
[378	[187, 4, 18]	7.799472256343811] 
[379	[180, 3, 8]	6.918475467300796] 
[380	[181, 4, 8]	6.640772594883321] 
[381	[195, 4, 17]	6.648950712537109] 
[382	[170, 3, 9]	7.352489559264631] 
[383	[170, 3, 26]	5.310345221335888] 
[384	[170, 3, 15]	7.077952725806774] 
[385	[194, 4, 23]	7.026673903351307] 
[386	[180, 3, 16]	7.2918182405182534] 
[387	[194, 3, 20]	6.9963185155697545] 
[388	[193, 3, 21]	7.611019091091311] 
[389	[171, 3, 28]	6.05954394120523] 
[390	[194, 3, 17]	6.624990042900126] 
[391	[176, 3, 7]	5.498581482214482] 
[392	[192, 4, 15]	7.020509192613132] 
[393	[182, 3, 9]	6.42719542582769] 
[394	[168, 3, 18]	6.9212719653582155] 
[395	[186, 3, 21]	8.40681271240349] 
[396	[194, 3, 17]	6.256951521176037] 
[397	[194, 3, 16]	7.224065437997847] 
[398	[175, 3, 28]	6.416919039557492] 
[399	[188, 3, 20]	7.235098684830438] 
[400	[192, 3, 11]	6.934154739387937] 
[401	[167, 3, 26]	6.68686072925251] 
[402	[192, 4, 19]	7.6142097390098975] 
[403	[193, 4, 15]	7.065176024356158] 
[404	[194, 4, 19]	7.2574832414122294] 
[405	[182, 8, 22]	6.391339065784381] 
[406	[172, 4, 16]	7.1402459698088725] 
[407	[179, 3, 10]	6.6779044985595215] 
[408	[193, 3, 15]	7.076272304646215] 
[409	[172, 3, 17]	6.476644090453623] 
[410	[180, 3, 21]	7.935890630003512] 
[411	[193, 3, 14]	7.225586576508701] 
[412	[194, 3, 13]	7.64035765104605] 
[413	[194, 3, 29]	7.015981157578717] 
[414	[172, 3, 13]	7.679977973920696] 
[415	[192, 3, 25]	7.380668724126902] 
[416	[193, 4, 19]	8.288231504277164] 
[417	[182, 3, 24]	6.6456508272371515] 
[418	[169, 3, 18]	6.167412231055848] 
[419	[192, 3, 11]	6.393343366427938] 
[420	[170, 3, 21]	7.547244386090763] 
[421	[191, 3, 10]	6.063985247686942] 
[422	[191, 3, 15]	6.729633865643237] 
[423	[170, 3, 16]	6.270970093596222] 
[424	[186, 3, 12]	6.984232147112491] 
[425	[173, 3, 23]	6.811001312189339] 
[426	[184, 3, 25]	6.659483573597514] 
[427	[174, 3, 16]	7.382956024592655] 
[428	[178, 3, 13]	6.880288207179058] 
[429	[172, 3, 14]	6.195904600584803] 
[430	[169, 3, 10]	6.629375929434425] 
[431	[189, 4, 16]	6.501737514466554] 
[432	[192, 3, 11]	6.225869564844247] 
[433	[179, 3, 13]	6.958758333846414] 
[434	[178, 4, 29]	7.368035807919271] 
[435	[176, 3, 12]	7.266084470505066] 
[436	[180, 3, 21]	6.687445282400451] 
[437	[186, 3, 30]	6.435194130847293] 
[438	[184, 3, 14]	7.317262849613032] 
[439	[182, 3, 21]	6.920282582630381] 
[440	[173, 3, 15]	6.374830285199463] 
[441	[192, 3, 12]	6.392755750644293] 
[442	[170, 3, 20]	6.8655775177406175] 
[443	[183, 3, 22]	5.380103333479533] 
[444	[193, 3, 28]	7.448866192569396] 
[445	[189, 4, 9]	7.906530284300296] 
[446	[170, 3, 30]	6.059380762744194] 
[447	[193, 3, 12]	7.029017081204374] 
[448	[169, 3, 15]	7.185930164507499] 
[449	[191, 3, 9]	5.970811671136046] 
[450	[185, 3, 24]	6.803552984589741] 
[451	[193, 3, 21]	6.987260181971374] 
[452	[172, 3, 11]	7.197471197511593] 
[453	[169, 3, 11]	6.431847015233018] 
[454	[185, 3, 12]	7.070483981930786] 
[455	[192, 3, 18]	7.09071593962988] 
[456	[193, 3, 13]	7.2492437712187545] 
[457	[180, 3, 11]	6.857472416125534] 
[458	[193, 3, 15]	7.951443489380404] 
[459	[179, 3, 22]	7.581987802138338] 
[460	[194, 3, 15]	7.210485655382969] 
[461	[193, 3, 20]	7.607662089170395] 
[462	[192, 3, 17]	7.531763371514442] 
[463	[179, 3, 18]	6.7751297008219185] 
[464	[193, 3, 19]	6.769842113846805] 
[465	[174, 3, 11]	6.408902910407118] 
[466	[181, 4, 18]	6.940235615476809] 
[467	[169, 3, 15]	6.300230440577161] 
[468	[184, 3, 14]	6.393330915535421] 
[469	[184, 3, 13]	6.237343145345152] 
[470	[186, 3, 25]	6.74141057803816] 
[471	[193, 3, 22]	6.896333034089918] 
[472	[188, 3, 20]	7.3995902599210295] 
[473	[176, 3, 11]	7.007548381721546] 
[474	[182, 3, 11]	7.010895045098413] 
[475	[182, 3, 23]	7.341195098960038] 
[476	[175, 3, 22]	6.786467564066062] 
[477	[175, 4, 10]	7.473556722182038] 
[478	[174, 3, 11]	7.49865891422174] 
[479	[189, 3, 12]	7.2623064685002765] 
[480	[193, 3, 12]	6.835641129038706] 
[481	[193, 3, 14]	7.110234121803817] 
[482	[193, 3, 10]	7.876462866666761] 
[483	[194, 3, 10]	7.5009801508041525] 
[484	[192, 3, 14]	6.851441438797086] 
[485	[182, 3, 10]	6.383689746018268] 
[486	[179, 3, 9]	6.802220986939821] 
[487	[181, 3, 12]	6.965510731597925] 
[488	[190, 3, 13]	7.1236969521104125] 
[489	[180, 4, 19]	6.999857277555225] 
[490	[174, 3, 10]	6.6836608038700955] 
[491	[189, 3, 14]	7.116097967516421] 
[492	[173, 3, 13]	6.888077451465212] 
[493	[193, 3, 19]	5.9512670260091545] 
[494	[187, 3, 14]	5.855316431027828] 
[495	[179, 3, 18]	7.399435820102999] 
[496	[193, 3, 14]	6.238347285746307] 
[497	[193, 3, 17]	6.841364559240945] 
[498	[193, 3, 21]	6.208225766267209] 
[499	[192, 4, 24]	6.704035712172933] 
[500	[193, 4, 13]	7.343829907846579] 
[501	[178, 4, 10]	6.427235093141325] 
[502	[193, 3, 18]	7.108907579949422] 
[503	[190, 3, 14]	5.428636892977017] 
[504	[192, 3, 19]	6.922896844602975] 
[505	[191, 3, 21]	7.137837615638662] 
[506	[178, 3, 10]	7.360186004918875] 
[507	[193, 3, 10]	6.4730056215098] 
[508	[180, 3, 10]	6.956629678044524] 
[509	[182, 3, 20]	7.59131005665415] 
[510	[170, 3, 15]	7.440576727894572] 
[511	[191, 3, 29]	7.427959743462862] 
[512	[189, 3, 14]	7.6923920608897935] 
[513	[193, 3, 26]	7.615535233234048] 
[514	[192, 4, 23]	7.891083757350428] 
[515	[187, 3, 20]	7.004253535079427] 
[516	[193, 3, 11]	7.614008499580915] 
[517	[174, 3, 11]	6.515182095640326] 
[518	[193, 3, 13]	7.0588235763378675] 
[519	[190, 4, 15]	6.510358077022587] 
[520	[192, 3, 13]	7.26720516556857] 
[521	[191, 3, 14]	7.147585371489072] 
[522	[192, 3, 13]	6.4980133515909015] 
[523	[192, 3, 20]	7.421289728781855] 
[524	[169, 3, 19]	6.634374331592899] 
[525	[190, 3, 27]	6.004942062483378] 
[526	[193, 3, 17]	7.168741662041149] 
[527	[192, 3, 12]	6.386948879173416] 
[528	[192, 3, 17]	7.399503248414523] 
[529	[191, 3, 9]	7.258553088890915] 
[530	[192, 3, 11]	6.611266471162737] 
[531	[178, 3, 11]	6.223170330334587] 
[532	[178, 3, 10]	7.253200549146134] 
[533	[193, 3, 13]	6.882025023993518] 
[534	[192, 3, 26]	7.4665496099651465] 
[535	[194, 3, 10]	6.500296701654592] 
[536	[191, 3, 19]	6.9918501472351995] 
[537	[192, 3, 14]	6.492181302167338] 
[538	[192, 3, 16]	7.237316861186886] 
[539	[172, 3, 20]	6.323257427299092] 
[540	[193, 3, 10]	7.345539608796254] 
[541	[194, 3, 9]	7.869061542484108] 
[542	[188, 4, 13]	7.888595640244184] 
[543	[193, 3, 12]	7.984234509691656] 
[544	[189, 3, 11]	7.174790961432474] 
[545	[170, 3, 22]	7.265665512470644] 
[546	[192, 3, 23]	6.711526075386996] 
[547	[177, 3, 9]	6.557788348145829] 
[548	[192, 4, 10]	7.516363497095816] 
[549	[181, 3, 10]	7.598219212766135] 
[550	[182, 3, 15]	6.566388884706361] 
[551	[192, 3, 22]	6.6538944774621225] 
[552	[192, 3, 12]	6.728100308694162] 
[553	[192, 3, 13]	7.889380744118654] 
[554	[192, 3, 9]	6.787413440980675] 
[555	[190, 3, 9]	6.646858841192254] 
[556	[193, 3, 12]	7.777750447016235] 
[557	[175, 3, 15]	7.660405267448033] 
[558	[194, 3, 21]	7.484202528570277] 
[559	[193, 3, 17]	7.183735570328027] 
[560	[193, 3, 20]	7.4029362381374995] 
[561	[191, 3, 9]	7.218585860740007] 
[562	[189, 3, 15]	8.459698939859917] 
[563	[170, 3, 25]	7.022829469423152] 
[564	[188, 3, 9]	6.305611996460442] 
[565	[180, 3, 18]	7.621129944942799] 
[566	[192, 3, 29]	6.589851768347074] 
[567	[193, 3, 16]	6.663913420085219] 
[568	[190, 3, 9]	6.75675040703346] 
[569	[189, 3, 19]	6.0414468229851535] 
[570	[193, 3, 10]	6.417141129908389] 
[571	[192, 3, 10]	7.8164705766232565] 
[572	[191, 3, 15]	6.994716462917468] 
[573	[189, 3, 17]	7.566005698093909] 
[574	[189, 3, 15]	7.220633915439167] 
[575	[179, 3, 18]	6.426094071202197] 
[576	[192, 3, 17]	5.902514587652094] 
[577	[191, 3, 10]	6.7764351367221405] 
[578	[190, 3, 11]	7.2155791789101] 
[579	[193, 3, 17]	6.566550359106218] 
[580	[188, 3, 12]	7.336724667211573] 
[581	[180, 3, 21]	5.89061412333483] 
[582	[179, 3, 13]	6.147417430366109] 
[583	[170, 3, 18]	6.932650011306887] 
[584	[191, 3, 13]	7.72880752375277] 
[585	[187, 3, 15]	7.766258890611082] 
[586	[192, 3, 15]	7.09695446962482] 
[587	[192, 3, 9]	7.383625873112747] 
[588	[186, 3, 27]	7.080535485231038] 
[589	[176, 3, 16]	6.867257458843043] 
[590	[191, 3, 14]	6.3333651058824225] 
[591	[191, 3, 21]	7.0575556085701505] 
[592	[187, 3, 9]	6.875715932363406] 
[593	[184, 3, 10]	6.999965167874605] 
[594	[187, 3, 10]	6.7817738786001] 
[595	[179, 3, 9]	7.0462851109963] 
[596	[182, 3, 26]	7.1732747799362295] 
[597	[192, 3, 27]	7.204104164724991] 
[598	[192, 3, 15]	7.693965274522401] 
[599	[190, 3, 14]	7.302906645542235] 
[600	[176, 3, 12]	7.352193284594307] 
[601	[182, 3, 17]	6.41228781486589] 
[602	[174, 3, 19]	7.146135160380535] 
[603	[192, 3, 26]	7.06259845615306] 
[604	[189, 4, 15]	7.500808635131165] 
[605	[192, 3, 12]	6.479825365600399] 
[606	[193, 3, 25]	6.542065633585412] 
[607	[191, 3, 21]	7.398893070739604] 
[608	[187, 3, 15]	6.990143258699427] 
[609	[182, 3, 14]	7.125650676226807] 
[610	[186, 3, 18]	7.608891192339036] 
[611	[184, 3, 9]	8.002129292150316] 
[612	[185, 3, 14]	7.026446072571708] 
[613	[190, 3, 22]	7.368191006846064] 
[614	[189, 3, 17]	6.368990744516101] 
[615	[189, 3, 10]	6.487047577333219] 
[616	[191, 3, 10]	6.642001418053529] 
[617	[189, 4, 12]	6.967868045903766] 
[618	[191, 3, 11]	7.392588810977754] 
[619	[177, 3, 9]	6.838586158801689] 
[620	[191, 3, 12]	7.805531250159441] 
[621	[190, 3, 14]	7.64838735996883] 
[622	[192, 4, 12]	7.516062504752261] 
[623	[189, 3, 12]	6.167387689981742] 
[624	[191, 3, 9]	7.123023708367516] 
[625	[194, 3, 24]	7.615450657225497] 
[626	[181, 3, 13]	6.555783845255638] 
[627	[192, 3, 9]	7.1211547908302855] 
[628	[181, 3, 10]	7.183193115227856] 
[629	[189, 3, 13]	6.317733557849314] 
[630	[179, 3, 11]	6.159772101693089] 
[631	[171, 3, 12]	6.704216295509379] 
[632	[192, 3, 12]	7.024482019468383] 
[633	[189, 3, 15]	7.507040840065935] 
[634	[189, 3, 10]	6.985376527237158] 
[635	[193, 3, 21]	7.283740797994367] 
[636	[188, 3, 11]	7.134653806664855] 
[637	[191, 3, 12]	7.301358665995731] 
[638	[189, 3, 9]	6.780226144634378] 
[639	[191, 3, 12]	8.7008538365311] 
[640	[193, 3, 25]	7.684721270906938] 
[641	[181, 3, 10]	5.956569427277489] 
[642	[191, 3, 13]	6.969305485300578] 
[643	[187, 3, 14]	7.0620470209482455] 
[644	[188, 3, 11]	7.370418353293388] 
[645	[190, 3, 13]	7.5621005831460515] 
[646	[182, 3, 16]	6.901755516017063] 
[647	[191, 3, 10]	6.897586503265727] 
[648	[190, 3, 11]	6.708262672000917] 
[649	[190, 4, 14]	6.459636346870539] 
[650	[190, 3, 10]	7.135810560027106] 
[651	[190, 3, 15]	6.733240342823394] 
[652	[184, 3, 13]	6.975163582509722] 
[653	[191, 3, 24]	7.117323771858795] 
[654	[176, 3, 23]	7.351473657537309] 
[655	[176, 3, 15]	7.13423238275321] 
[656	[191, 3, 12]	6.800028354310838] 
[657	[180, 3, 14]	7.020056659940229] 
[658	[190, 3, 9]	6.709644474555258] 
[659	[194, 3, 10]	7.066367862670188] 
[660	[188, 3, 12]	6.816554652585003] 
[661	[190, 3, 12]	6.877515853781044] 
[662	[192, 3, 11]	6.228219882913521] 
[663	[188, 4, 18]	6.162119281492401] 
[664	[184, 3, 11]	6.3310726619753686] 
[665	[190, 3, 23]	7.6901391719269] 
[666	[188, 3, 13]	8.196686253655821] 
[667	[192, 3, 23]	6.846532036539183] 
[668	[179, 3, 15]	6.726797292829435] 
[669	[186, 3, 18]	7.754187547664035] 
[670	[188, 3, 23]	7.321571743422847] 
[671	[191, 3, 13]	7.275036267785228] 
[672	[188, 3, 10]	7.313368701388879] 
[673	[187, 3, 26]	7.2755570491010255] 
[674	[184, 3, 21]	7.308154805845868] 
[675	[186, 3, 27]	7.359725797779829] 
[676	[192, 3, 13]	7.0063634988642045] 
[677	[175, 3, 14]	6.284400080644494] 
[678	[188, 3, 11]	6.842831636857966] 
[679	[188, 3, 10]	6.986510341029668] 
[680	[190, 3, 15]	7.344278822374704] 
[681	[192, 3, 12]	6.60102527358252] 
[682	[182, 3, 23]	7.551985178299814] 
[683	[189, 3, 16]	7.666341808153313] 
[684	[191, 3, 10]	6.402821214426114] 
[685	[192, 3, 14]	6.796317355012296] 
[686	[182, 3, 22]	6.978614946752162] 
[687	[189, 3, 15]	7.464897208630524] 
[688	[190, 3, 11]	7.521288399422927] 
[689	[191, 3, 13]	6.775928617436938] 
[690	[190, 3, 15]	7.587183984358452] 
[691	[190, 3, 14]	7.780873211195485] 
[692	[190, 3, 9]	6.7724748898841245] 
[693	[188, 3, 12]	6.563452351011575] 
[694	[187, 3, 11]	6.340221401601701] 
[695	[191, 3, 11]	6.668631952933613] 
[696	[180, 3, 22]	5.844337430226968] 
[697	[175, 3, 9]	6.383807839574184] 
[698	[190, 3, 19]	6.204381548136614] 
[699	[190, 3, 10]	7.129190362921379] 
[700	[188, 3, 19]	7.586033608569297] 
[701	[191, 3, 12]	6.547751842627493] 
[702	[186, 3, 19]	7.068389070739461] 
[703	[191, 3, 17]	7.078550202549021] 
[704	[180, 3, 23]	6.345365951533067] 
[705	[189, 3, 13]	8.21078357491067] 
[706	[190, 3, 16]	7.717296088212575] 
[707	[187, 3, 12]	7.260920607216447] 
[708	[184, 3, 10]	6.17547313587371] 
[709	[189, 3, 14]	7.54964601970921] 
[710	[185, 3, 12]	7.113733833783057] 
[711	[187, 3, 9]	7.217384779389549] 
[712	[190, 3, 10]	7.218867607661565] 
[713	[189, 3, 25]	6.883291604285724] 
[714	[183, 3, 21]	6.523153659407994] 
[715	[188, 3, 20]	7.241052453982579] 
[716	[193, 3, 9]	8.297366369181985] 
[717	[189, 3, 14]	7.045582576577436] 
[718	[190, 3, 26]	7.157728006226567] 
[719	[191, 3, 14]	6.911633365161651] 
[720	[181, 3, 15]	7.675396991266528] 
[721	[189, 3, 11]	6.002410197498826] 
[722	[190, 3, 15]	7.717741491700313] 
[723	[191, 3, 19]	6.529911815313422] 
[724	[188, 3, 14]	7.0087269546700135] 
[725	[190, 3, 9]	7.036634697707128] 
[726	[179, 3, 10]	7.632636872956885] 
[727	[182, 3, 9]	6.282436041983841] 
[728	[188, 3, 23]	6.832052649882865] 
[729	[188, 3, 13]	6.748193537840792] 
[730	[189, 3, 13]	6.997187999863636] 
[731	[186, 3, 20]	7.529275449756864] 
[732	[189, 3, 14]	7.890820274399215] 
[733	[189, 3, 13]	7.075794802989773] 
[734	[188, 3, 15]	6.53258576430481] 
[735	[190, 3, 14]	6.730470361424547] 
[736	[186, 3, 11]	6.345610583310619] 
[737	[189, 3, 20]	7.312343730896648] 
[738	[189, 3, 10]	5.940804003306968] 
[739	[186, 3, 13]	7.815732394926384] 
[740	[182, 3, 9]	7.009713494814694] 
[741	[190, 3, 15]	7.6260009013871] 
[742	[191, 3, 14]	6.373276429101171] 
[743	[184, 3, 16]	7.421984918496863] 
[744	[187, 3, 13]	6.9762598638054785] 
[745	[189, 3, 15]	6.895319503501193] 
[746	[190, 3, 18]	6.959867843654551] 
[747	[189, 3, 9]	7.454259158105182] 
[748	[189, 3, 13]	7.726888781700061] 
[749	[188, 3, 10]	6.840439245720697] 
[750	[189, 3, 13]	6.653456864849258] 
[751	[190, 3, 14]	7.716741833900686] 
[752	[190, 3, 13]	7.2138123555906875] 
[753	[189, 3, 12]	7.442212719005293] 
[754	[177, 3, 17]	6.626105689600923] 
[755	[189, 3, 14]	7.110163642848362] 
[756	[179, 3, 19]	7.121736054459692] 
[757	[179, 3, 13]	7.21643515891544] 
[758	[188, 3, 14]	6.224872734104759] 
[759	[189, 3, 12]	7.34151377547818] 
[760	[186, 3, 18]	6.421457591065932] 
[761	[182, 3, 16]	6.023781725925319] 
[762	[182, 3, 9]	6.564118383539433] 
[763	[189, 3, 13]	6.7092643772648834] 
[764	[188, 3, 19]	5.613837859351725] 
[765	[186, 3, 12]	7.165612240219217] 
[766	[190, 3, 13]	6.642758186336161] 
[767	[189, 3, 14]	6.358267408403497] 
[768	[187, 3, 10]	7.616102873717693] 
[769	[187, 3, 10]	7.178289520224236] 
[770	[190, 3, 23]	7.63620225843053] 
[771	[190, 3, 10]	6.722475317023736] 
[772	[188, 3, 13]	7.086120690990393] 
[773	[190, 3, 13]	6.5933300873441265] 
[774	[187, 3, 13]	7.491021565947504] 
[775	[179, 3, 10]	7.654168869620431] 
[776	[190, 3, 9]	7.4412686492936775] 
[777	[189, 3, 10]	6.942476779550344] 
[778	[187, 3, 13]	7.707761473079596] 
[779	[187, 3, 10]	6.89561045275254] 
[780	[188, 3, 14]	6.69473823154695] 
[781	[182, 3, 10]	7.996088020999722] 
[782	[189, 3, 13]	7.632396519286047] 
[783	[187, 3, 12]	7.350151482077204] 
[784	[190, 3, 14]	6.879946751773635] 
[785	[188, 3, 14]	7.943247849251874] 
[786	[189, 3, 12]	7.40637322694144] 
[787	[183, 3, 15]	5.988405244004321] 
[788	[179, 3, 25]	7.280944844430702] 
[789	[187, 3, 12]	6.485055221554421] 
[790	[179, 3, 9]	7.282371724481936] 
[791	[180, 3, 14]	7.605646975388182] 
[792	[186, 3, 13]	7.351741775532797] 
[793	[179, 3, 19]	6.5069138682408] 
[794	[190, 3, 9]	6.442142234484061] 
[795	[181, 3, 13]	6.7853570258944504] 
[796	[188, 3, 10]	6.640088917552236] 
[797	[190, 3, 13]	7.3364011425805575] 
[798	[189, 3, 16]	6.616452118926004] 
[799	[184, 3, 16]	6.232025416196148] 
[800	[183, 3, 17]	6.910790642164281] 
[801	[190, 3, 9]	6.528678768913513] 
[802	[179, 3, 22]	6.521400122029252] 
[803	[185, 3, 14]	6.591125623291274] 
[804	[182, 3, 10]	6.8194983096237545] 
[805	[190, 3, 9]	6.102762060439081] 
[806	[189, 3, 12]	7.733801059328002] 
[807	[189, 3, 9]	6.786914124390035] 
[808	[186, 3, 9]	6.453762487295295] 
[809	[188, 3, 9]	6.045458687835757] 
[810	[189, 3, 23]	7.408786799619886] 
[811	[189, 3, 15]	7.85434113866062] 
[812	[188, 3, 13]	7.722824184479639] 
[813	[182, 3, 13]	6.609797618207695] 
[814	[188, 3, 13]	7.049146106561025] 
[815	[182, 3, 13]	6.889195421760947] 
[816	[181, 3, 12]	6.631048198532226] 
[817	[189, 3, 12]	6.96383485703222] 
[818	[188, 3, 21]	6.926585330916096] 
[819	[184, 3, 12]	6.533114270971934] 
[820	[188, 3, 9]	6.505039189118287] 
[821	[188, 3, 9]	6.4639386200712305] 
[822	[188, 3, 23]	7.797376073851329] 
[823	[189, 3, 14]	6.433402991148388] 
[824	[186, 3, 13]	7.237030332028836] 
[825	[189, 3, 12]	7.132817977650921] 
[826	[190, 3, 10]	7.61967351664835] 
[827	[188, 3, 13]	6.6226909139794845] 
[828	[189, 3, 21]	6.367555975704939] 
[829	[189, 3, 20]	8.003302061570542] 
[830	[189, 3, 12]	8.045434298966965] 
[831	[189, 3, 22]	6.934958677965887] 
[832	[189, 3, 9]	6.231580060898582] 
[833	[189, 3, 9]	6.58658703382322] 
[834	[188, 3, 12]	5.9296416876173135] 
[835	[187, 3, 16]	7.490492030337071] 
[836	[188, 3, 12]	6.564317966812836] 
[837	[188, 3, 12]	7.2311142250056655] 
[838	[180, 3, 13]	7.115011864847456] 
[839	[180, 3, 10]	5.997087569762758] 
[840	[182, 3, 10]	6.910510842944196] 
[841	[189, 3, 9]	5.982493398281147] 
[842	[189, 3, 13]	6.334979143910317] 
[843	[189, 3, 22]	6.906093578350134] 
[844	[182, 3, 13]	6.999370458314818] 
[845	[189, 3, 24]	7.314345581284099] 
[846	[189, 3, 16]	7.063577461706812] 
[847	[180, 3, 22]	6.66242927757816] 
[848	[182, 3, 10]	6.1030853309064605] 
[849	[182, 3, 16]	7.586324062207581] 
[850	[188, 3, 13]	5.580383982245126] 
[851	[188, 3, 11]	6.2657766284645335] 
[852	[190, 3, 23]	6.488348623579955] 
[853	[184, 3, 10]	6.715874972173021] 
[854	[181, 3, 13]	6.524328332383049] 
[855	[190, 3, 13]	7.2754054138943935] 
[856	[187, 3, 25]	7.520891399557881] 
[857	[182, 3, 13]	7.122154270246625] 
[858	[188, 3, 13]	6.852669839312837] 
[859	[188, 3, 10]	6.379058345407657] 
[860	[184, 3, 13]	6.606897659120631] 
[861	[189, 3, 16]	6.579818045887818] 
[862	[182, 3, 10]	6.753820820118316] 
[863	[179, 3, 22]	6.6349689264358185] 
[864	[188, 3, 10]	6.662192571344599] 
[865	[187, 3, 13]	6.4123264534668785] 
[866	[187, 3, 20]	7.130803760380016] 
[867	[185, 3, 15]	7.149787350409183] 
[868	[189, 3, 10]	7.074903040244043] 
[869	[188, 3, 25]	8.065572815000863] 
[870	[188, 3, 13]	7.25532310897685] 
[871	[188, 3, 9]	7.77831379143714] 
[872	[188, 3, 25]	7.241825161003347] 
[873	[190, 3, 10]	7.5875809567466455] 
[874	[183, 3, 16]	7.785965995205747] 
[875	[182, 3, 16]	7.094324653352472] 
[876	[185, 3, 9]	7.418665296896937] 
[877	[185, 3, 13]	6.672648785493362] 
[878	[179, 3, 10]	6.629771811486912] 
[879	[186, 3, 25]	8.102955539072072] 
[880	[183, 3, 12]	8.091133459493003] 
[881	[186, 3, 13]	7.030005253025085] 
[882	[188, 3, 24]	6.453128787062763] 
[883	[186, 3, 10]	6.8561294535230894] 
[884	[182, 3, 15]	7.296838254584384] 
[885	[188, 3, 9]	6.946254258795891] 
[886	[181, 3, 12]	6.647749709799288] 
[887	[189, 3, 20]	6.694871791172052] 
[888	[189, 3, 11]	7.246817413948394] 
[889	[188, 3, 22]	7.053660769669502] 
[890	[186, 3, 13]	7.126593320857661] 
[891	[189, 3, 12]	6.223832245733129] 
[892	[185, 3, 13]	5.784481621857744] 
[893	[188, 3, 13]	6.763831002362148] 
[894	[186, 3, 11]	6.352625764364765] 
[895	[184, 3, 11]	6.747722063296067] 
[896	[182, 3, 19]	6.232555272576364] 
[897	[182, 3, 25]	6.22123131269806] 
[898	[187, 3, 12]	6.834986142643635] 
[899	[188, 3, 17]	7.076796668468438] 
[900	[181, 3, 12]	7.368134357849783] 
[901	[190, 3, 13]	6.764729387977971] 
[902	[180, 3, 14]	7.485274867450945] 
[903	[187, 3, 12]	7.1456730098444305] 
[904	[188, 3, 13]	6.9504685251721305] 
[905	[185, 3, 25]	7.421585903884449] 
[906	[187, 3, 14]	7.473484724642472] 
[907	[185, 3, 12]	7.099643085130015] 
[908	[187, 3, 13]	7.184053164323117] 
[909	[185, 3, 22]	8.211386835852041] 
[910	[189, 3, 10]	6.495101254285118] 
[911	[186, 3, 9]	5.738833260588801] 
[912	[189, 3, 12]	7.235927949839217] 
[913	[188, 3, 10]	5.7465723999439025] 
[914	[190, 3, 13]	8.058506452365123] 
[915	[189, 3, 15]	6.621992878815241] 
[916	[185, 3, 16]	7.506521484066024] 
[917	[189, 3, 12]	6.479139566778417] 
[918	[182, 3, 15]	7.195757504080759] 
[919	[189, 3, 13]	7.178026568059632] 
[920	[181, 3, 13]	6.851074681893675] 
[921	[187, 3, 21]	7.29344458819766] 
[922	[187, 3, 12]	6.7922424447669] 
[923	[188, 3, 15]	7.333218731776862] 
[924	[189, 3, 12]	7.397041271543737] 
[925	[187, 3, 14]	6.480831245006614] 
[926	[186, 3, 21]	5.90654944504303] 
[927	[184, 3, 12]	7.1958710174503855] 
[928	[181, 3, 18]	6.769489356493678] 
[929	[189, 3, 20]	7.495365255300223] 
[930	[189, 3, 12]	6.4248703321986245] 
[931	[189, 3, 9]	7.044180779032227] 
[932	[188, 3, 24]	7.008623811615489] 
[933	[182, 3, 9]	7.045284633323374] 
[934	[187, 3, 15]	7.692404274071141] 
[935	[186, 3, 22]	7.507996141203851] 
[936	[190, 3, 17]	7.675351041563109] 
[937	[188, 3, 13]	7.8136647909072785] 
[938	[185, 3, 16]	7.284945503582079] 
[939	[182, 3, 15]	7.173681192550962] 
[940	[184, 3, 25]	6.216390741958184] 
[941	[189, 3, 13]	7.076411161506744] 
[942	[190, 3, 23]	7.249428996300657] 
[943	[183, 3, 22]	7.379043190536984] 
[944	[188, 3, 25]	6.7932763338863404] 
[945	[184, 3, 12]	6.58353020603586] 
[946	[185, 3, 16]	5.610133188733842] 
[947	[187, 3, 13]	6.4508114476566] 
[948	[181, 3, 22]	6.604261012155481] 
[949	[185, 3, 23]	7.692187247982854] 
[950	[187, 3, 10]	6.445778605660724] 
[951	[185, 3, 16]	7.205586231708827] 
[952	[189, 3, 12]	6.933017626699797] 
[953	[182, 3, 16]	6.598584775477429] 
[954	[181, 3, 15]	7.5358011827378535] 
[955	[184, 3, 10]	6.705231958418169] 
[956	[190, 3, 24]	6.726089732735558] 
[957	[185, 3, 21]	7.608729819415914] 
[958	[184, 3, 16]	7.254758889437974] 
[959	[182, 3, 24]	7.038587095550932] 
[960	[183, 3, 12]	6.118915069473405] 
[961	[184, 3, 14]	6.678187300909493] 
[962	[183, 3, 15]	7.706826077261273] 
[963	[184, 3, 12]	7.824147472019742] 
[964	[184, 3, 15]	7.525771126023386] 
[965	[188, 3, 15]	6.818122816134882] 
[966	[185, 3, 25]	7.229725387907467] 
[967	[182, 3, 15]	7.381822208018573] 
[968	[184, 3, 17]	7.125874659476951] 
[969	[189, 3, 13]	7.575629839195624] 
[970	[184, 3, 14]	7.196499176037278] 
[971	[185, 3, 13]	6.90230708311471] 
[972	[185, 3, 24]	6.6348059294165385] 
[973	[185, 3, 14]	7.152554207374618] 
[974	[185, 3, 10]	7.715667913983352] 
[975	[186, 3, 15]	7.1355914818276025] 
[976	[190, 3, 15]	7.118317365490523] 
[977	[189, 3, 19]	7.177902552575414] 
[978	[186, 3, 15]	7.328585614414726] 
[979	[188, 3, 24]	7.416246476350079] 
[980	[189, 3, 23]	6.765781265223436] 
[981	[185, 3, 15]	7.690478223554583] 
[982	[187, 3, 25]	7.08397454711809] 
[983	[187, 3, 17]	6.657911324681374] 
[984	[184, 3, 19]	7.639523921848634] 
[985	[185, 3, 12]	6.235138626485263] 
[986	[183, 3, 15]	7.020404290284625] 
[987	[181, 3, 13]	7.857651479620554] 
[988	[184, 3, 13]	6.5504336208580645] 
[989	[184, 3, 15]	7.079033557201904] 
[990	[184, 3, 14]	8.164387765820136] 
[991	[183, 3, 23]	7.191333054226115] 
[992	[184, 3, 21]	7.824759023370609] 
[993	[184, 3, 14]	6.554024534290236] 
[994	[185, 3, 15]	6.567710797401633] 
[995	[189, 3, 25]	6.920601275130766] 
[996	[180, 3, 13]	6.265237516699382] 
[997	[188, 3, 12]	6.597898750867945] 
[998	[181, 3, 13]	6.681329315907589] 
[999	[185, 3, 14]	7.190233240178531] 
[1000	[184, 3, 12]	6.406685707219443] 
[BEST	[191, 3, 12]	8.7008538365311] 

----------------------------------------------------


Test 100x Best:

[		7.847736582017416] 
[		5.847309282131819] 
[		8.547766039900974] 
[		8.123433273185515] 
[		6.453764502249597] 
[		7.352770695651834] 
[		7.054615679939047] 
[		9.496039573717232] 
[		9.367024266446531] 
[		7.1768537940402375] 
[		9.820710084563945] 
[		5.092026251070999] 
[		8.372352041829757] 
[		9.385217304727927] 
[		6.432073079686517] 
[		7.530043569434211] 
[		7.6188976555288255] 
[		7.183513350023297] 
[		8.65642036481226] 
[		5.7853575284727246] 
[		7.633210160872508] 
[		8.079519066339335] 
[		8.020348104806548] 
[		6.352013772138249] 
[		6.921803281017135] 
[		6.9585832683309] 
[		9.111190250505999] 
[		9.426497235789693] 
[		2.868896072804273] 
[		7.828572051549103] 
[		5.631809537406246] 
[		9.543686989042044] 
[		9.54346998740233] 
[		6.614850791232097] 
[		8.60510661726699] 
[		8.187905991272634] 
[		6.811569878115316] 
[		4.890330084363038] 
[		8.719550532234924] 
[		9.556896234089965] 
[		8.078081732778582] 
[		6.616403153800981] 
[		7.2417740840331195] 
[		6.84522639314432] 
[		8.835587441844782] 
[		8.669696007938173] 
[		8.411597098874125] 
[		7.599260782517641] 
[		4.095144482560396] 
[		6.882883982132736] 
[		9.804884868601407] 
[		8.746037031703825] 
[		7.813623702849787] 
[		3.9906913732220346] 
[		6.015064553342036] 
[		7.901595274909875] 
[		6.06500799396409] 
[		9.151782533195924] 
[		9.172186618644666] 
[		9.810088449170225] 
[		9.42996219790623] 
[		9.127862412312805] 
[		2.415218663654341] 
[		4.439094308309907] 
[		7.594918982702932] 
[		8.796330032421883] 
[		9.818554590067823] 
[		9.163434331521692] 
[		5.932261518508801] 
[		8.72215985420956] 
[		5.618696464177139] 
[		9.646186578225631] 
[		7.957594263241688] 
[		8.949488238570368] 
[		8.428232139680938] 
[		9.214120707519806] 
[		9.44812523041696] 
[		4.530082197506416] 
[		9.65904622644443] 
[		6.956128214120118] 
[		8.43302715064705] 
[		6.481576870340194] 
[		4.442776175697285] 
[		9.614648875104816] 
[		7.8798181697367635] 
[		5.084487127913409] 
[		4.809098417098422] 
[		5.99114958693087] 
[		4.187911985014851] 
[		9.21252031849303] 
[		8.04992701858579] 
[		8.496985166745755] 
[		8.899582687179722] 
[		8.053602257190652] 
[		5.574224472691308] 
[		7.655232983492246] 
[		9.418035585689607] 
[		6.333274824175227] 
[		7.00695289762797] 
[		8.905437497520719] 
[TOTAL	[14]	7.5657411960463365] 





